Time(sec)	CellId	BwpId	IMSI	pathLoss(dB)
0	1	0	1	-71.3602
0.005	1	0	1	-71.3602
0.01	1	0	1	-71.3602
0.015	1	0	1	-71.3602
0.02	1	0	1	-71.3602
0.025	1	0	1	-71.3602
0.03	1	0	1	-71.3602
0.035	1	0	1	-71.3602
0.04	1	0	1	-71.3602
0.045	1	0	1	-71.3602
0.05	1	0	1	-71.3602
0.055	1	0	1	-71.3602
0.056	1	0	1	-71.3602
0.06	1	0	1	-71.3602
0.065	1	0	1	-71.3602
0.07	1	0	1	-71.3602
0.075	1	0	1	-71.3602
0.08	1	0	1	-71.3602
0.085	1	0	1	-71.3602
0.09	1	0	1	-71.3602
0.095	1	0	1	-71.3602
0.1	1	0	1	-71.3602
0.105	1	0	1	-71.3602
0.11	1	0	1	-71.3602
0.115	1	0	1	-71.3602
0.12	1	0	1	-71.3602
0.125	1	0	1	-71.3602
0.13	1	0	1	-71.3602
0.135	1	0	1	-71.3602
0.136	1	0	1	-71.3602
0.14	1	0	1	-71.3602
0.145	1	0	1	-71.3602
0.15	1	0	1	-71.3602
0.155	1	0	1	-71.3602
0.16	1	0	1	-71.3602
0.165	1	0	1	-71.3602
0.17	1	0	1	-71.3602
0.175	1	0	1	-71.3602
0.18	1	0	1	-71.3602
0.185	1	0	1	-71.3602
0.19	1	0	1	-71.3602
0.195	1	0	1	-71.3602
0.2	1	0	1	-71.3602
0.205	1	0	1	-71.3602
0.21	1	0	1	-71.3602
0.215	1	0	1	-71.3602
0.216	1	0	1	-71.3602
0.22	1	0	1	-71.3602
0.225	1	0	1	-71.3602
0.23	1	0	1	-71.3602
0.235	1	0	1	-71.3602
0.24	1	0	1	-71.3602
0.245	1	0	1	-71.3602
0.25	1	0	1	-71.3602
0.255	1	0	1	-71.3602
0.26	1	0	1	-71.3602
0.265	1	0	1	-71.3602
0.27	1	0	1	-71.3602
0.275	1	0	1	-71.3602
0.28	1	0	1	-71.3602
0.285	1	0	1	-71.3602
0.29	1	0	1	-71.3602
0.295	1	0	1	-71.3602
0.296	1	0	1	-71.3602
0.3	1	0	1	-71.3602
0.305	1	0	1	-71.3602
0.31	1	0	1	-71.3602
0.315	1	0	1	-71.3602
0.32	1	0	1	-71.3602
0.325	1	0	1	-71.3602
0.33	1	0	1	-71.3602
0.335	1	0	1	-71.3602
0.34	1	0	1	-71.3602
0.345	1	0	1	-71.3602
0.35	1	0	1	-71.3602
0.355	1	0	1	-71.3602
0.36	1	0	1	-71.3602
0.365	1	0	1	-71.3602
0.37	1	0	1	-71.3602
0.375	1	0	1	-71.3602
0.376	1	0	1	-71.3602
0.38	1	0	1	-71.3602
0.385	1	0	1	-71.3602
0.39	1	0	1	-71.3602
0.395	1	0	1	-71.3602
0.4	1	0	1	-71.3602
0.403	1	0	1	-71.3602
0.403071	1	0	1	-71.3602
0.404	1	0	1	-71.3602
0.404071	1	0	1	-71.3602
0.405	1	0	1	-71.3602
0.405071	1	0	1	-71.3602
0.406	1	0	1	-71.3602
0.406071	1	0	1	-71.3602
0.407	1	0	1	-71.3602
0.407071	1	0	1	-71.3602
0.408	1	0	1	-71.3602
0.408071	1	0	1	-71.3602
0.409	1	0	1	-71.3602
0.409071	1	0	1	-71.3602
0.41	1	0	1	-71.3602
0.410071	1	0	1	-71.3602
0.411	1	0	1	-71.3602
0.411071	1	0	1	-71.3602
0.412	1	0	1	-71.3602
0.412071	1	0	1	-71.3602
0.413	1	0	1	-71.3602
0.413071	1	0	1	-71.3602
0.414	1	0	1	-71.3602
0.414071	1	0	1	-71.3602
0.415	1	0	1	-71.3602
0.415071	1	0	1	-71.3602
0.416	1	0	1	-71.3602
0.416071	1	0	1	-71.3602
0.417	1	0	1	-71.3602
0.417071	1	0	1	-71.3602
0.418	1	0	1	-71.3602
0.418071	1	0	1	-71.3602
0.419	1	0	1	-71.3602
0.419071	1	0	1	-71.3602
0.42	1	0	1	-71.3602
0.420071	1	0	1	-71.3602
0.421	1	0	1	-71.3602
0.421071	1	0	1	-71.3602
0.422	1	0	1	-71.3602
0.422071	1	0	1	-71.3602
0.423	1	0	1	-71.3602
0.423071	1	0	1	-71.3602
0.424	1	0	1	-71.3602
0.424071	1	0	1	-71.3602
0.425	1	0	1	-71.3602
0.425071	1	0	1	-71.3602
0.426	1	0	1	-71.3602
0.426071	1	0	1	-71.3602
0.427	1	0	1	-71.3602
0.427071	1	0	1	-71.3602
0.428	1	0	1	-71.3602
0.428071	1	0	1	-71.3602
0.429	1	0	1	-71.3602
0.429071	1	0	1	-71.3602
0.43	1	0	1	-71.3602
0.430071	1	0	1	-71.3602
0.431	1	0	1	-71.3602
0.431071	1	0	1	-71.3602
0.432	1	0	1	-71.3602
0.432071	1	0	1	-71.3602
0.433	1	0	1	-71.3602
0.433071	1	0	1	-71.3602
0.434	1	0	1	-71.3602
0.434071	1	0	1	-71.3602
0.435	1	0	1	-71.3602
0.435071	1	0	1	-71.3602
0.436	1	0	1	-71.3602
0.436071	1	0	1	-71.3602
0.437	1	0	1	-71.3602
0.437071	1	0	1	-71.3602
0.438	1	0	1	-71.3602
0.438071	1	0	1	-71.3602
0.439	1	0	1	-71.3602
0.439071	1	0	1	-71.3602
0.44	1	0	1	-71.3602
0.440071	1	0	1	-71.3602
0.441	1	0	1	-71.3602
0.441071	1	0	1	-71.3602
0.442	1	0	1	-71.3602
0.442071	1	0	1	-71.3602
0.443	1	0	1	-71.3602
0.443071	1	0	1	-71.3602
0.444	1	0	1	-71.3602
0.444071	1	0	1	-71.3602
0.445	1	0	1	-71.3602
0.445071	1	0	1	-71.3602
0.446	1	0	1	-71.3602
0.446071	1	0	1	-71.3602
0.447	1	0	1	-71.3602
0.447071	1	0	1	-71.3602
0.448	1	0	1	-71.3602
0.448071	1	0	1	-71.3602
0.449	1	0	1	-71.3602
0.449071	1	0	1	-71.3602
0.45	1	0	1	-71.3602
0.450071	1	0	1	-71.3602
0.451	1	0	1	-71.3602
0.451071	1	0	1	-71.3602
0.452	1	0	1	-71.3602
0.452071	1	0	1	-71.3602
0.453	1	0	1	-71.3602
0.453071	1	0	1	-71.3602
0.454	1	0	1	-71.3602
0.454071	1	0	1	-71.3602
0.455	1	0	1	-71.3602
0.455071	1	0	1	-71.3602
0.456	1	0	1	-71.3602
0.456071	1	0	1	-71.3602
0.457	1	0	1	-71.3602
0.457071	1	0	1	-71.3602
0.458	1	0	1	-71.3602
0.458071	1	0	1	-71.3602
0.459	1	0	1	-71.3602
0.459071	1	0	1	-71.3602
0.46	1	0	1	-71.3602
0.460071	1	0	1	-71.3602
0.461	1	0	1	-71.3602
0.461071	1	0	1	-71.3602
0.462	1	0	1	-71.3602
0.462071	1	0	1	-71.3602
0.463	1	0	1	-71.3602
0.463071	1	0	1	-71.3602
0.464	1	0	1	-71.3602
0.464071	1	0	1	-71.3602
0.465	1	0	1	-71.3602
0.465071	1	0	1	-71.3602
0.466	1	0	1	-71.3602
0.466071	1	0	1	-71.3602
0.467	1	0	1	-71.3602
0.467071	1	0	1	-71.3602
0.468	1	0	1	-71.3602
0.468071	1	0	1	-71.3602
0.469	1	0	1	-71.3602
0.469071	1	0	1	-71.3602
0.47	1	0	1	-71.3602
0.470071	1	0	1	-71.3602
0.471	1	0	1	-71.3602
0.471071	1	0	1	-71.3602
0.472	1	0	1	-71.3602
0.472071	1	0	1	-71.3602
0.473	1	0	1	-71.3602
0.473071	1	0	1	-71.3602
0.474	1	0	1	-71.3602
0.474071	1	0	1	-71.3602
0.475	1	0	1	-71.3602
0.475071	1	0	1	-71.3602
0.476	1	0	1	-71.3602
0.476071	1	0	1	-71.3602
0.477	1	0	1	-71.3602
0.477071	1	0	1	-71.3602
0.478	1	0	1	-71.3602
0.478071	1	0	1	-71.3602
0.479	1	0	1	-71.3602
0.479071	1	0	1	-71.3602
0.48	1	0	1	-71.3602
0.480071	1	0	1	-71.3602
0.481	1	0	1	-71.3602
0.481071	1	0	1	-71.3602
0.482	1	0	1	-71.3602
0.482071	1	0	1	-71.3602
0.483	1	0	1	-71.3602
0.483071	1	0	1	-71.3602
0.484	1	0	1	-71.3602
0.484071	1	0	1	-71.3602
0.485	1	0	1	-71.3602
0.485071	1	0	1	-71.3602
0.486	1	0	1	-71.3602
0.486071	1	0	1	-71.3602
0.487	1	0	1	-71.3602
0.487071	1	0	1	-71.3602
0.488	1	0	1	-71.3602
0.488071	1	0	1	-71.3602
0.489	1	0	1	-71.3602
0.489071	1	0	1	-71.3602
0.49	1	0	1	-71.3602
0.490071	1	0	1	-71.3602
0.491	1	0	1	-71.3602
0.491071	1	0	1	-71.3602
0.492	1	0	1	-71.3602
0.492071	1	0	1	-71.3602
0.493	1	0	1	-71.3602
0.493071	1	0	1	-71.3602
0.494	1	0	1	-71.3602
0.494071	1	0	1	-71.3602
0.495	1	0	1	-71.3602
0.495071	1	0	1	-71.3602
0.496	1	0	1	-71.3602
0.496071	1	0	1	-71.3602
0.497	1	0	1	-71.3602
0.497071	1	0	1	-71.3602
0.498	1	0	1	-71.3602
0.498071	1	0	1	-71.3602
0.499	1	0	1	-71.3602
0.499071	1	0	1	-71.3602
0.5	1	0	1	-71.3602
0.500071	1	0	1	-71.3602
0.501	1	0	1	-71.3602
0.501071	1	0	1	-71.3602
0.502	1	0	1	-71.3602
0.502071	1	0	1	-71.3602
0.503	1	0	1	-71.3602
0.503071	1	0	1	-71.3602
0.504	1	0	1	-71.3602
0.504071	1	0	1	-71.3602
0.505	1	0	1	-71.3602
0.505071	1	0	1	-71.3602
0.506	1	0	1	-71.3602
0.506071	1	0	1	-71.3602
0.507	1	0	1	-71.3602
0.507071	1	0	1	-71.3602
0.508	1	0	1	-71.3602
0.508071	1	0	1	-71.3602
0.509	1	0	1	-71.3602
0.509071	1	0	1	-71.3602
0.51	1	0	1	-71.3602
0.510071	1	0	1	-71.3602
0.511	1	0	1	-71.3602
0.511071	1	0	1	-71.3602
0.512	1	0	1	-71.3602
0.512071	1	0	1	-71.3602
0.513	1	0	1	-71.3602
0.513071	1	0	1	-71.3602
0.514	1	0	1	-71.3602
0.514071	1	0	1	-71.3602
0.515	1	0	1	-71.3602
0.515071	1	0	1	-71.3602
0.516	1	0	1	-71.3602
0.516071	1	0	1	-71.3602
0.517	1	0	1	-71.3602
0.517071	1	0	1	-71.3602
0.518	1	0	1	-71.3602
0.518071	1	0	1	-71.3602
0.519	1	0	1	-71.3602
0.519071	1	0	1	-71.3602
0.52	1	0	1	-71.3602
0.520071	1	0	1	-71.3602
0.521	1	0	1	-71.3602
0.521071	1	0	1	-71.3602
0.522	1	0	1	-71.3602
0.522071	1	0	1	-71.3602
0.523	1	0	1	-71.3602
0.523071	1	0	1	-71.3602
0.524	1	0	1	-71.3602
0.524071	1	0	1	-71.3602
0.525	1	0	1	-71.3602
0.525071	1	0	1	-71.3602
0.526	1	0	1	-71.3602
0.526071	1	0	1	-71.3602
0.527	1	0	1	-71.3602
0.527071	1	0	1	-71.3602
0.528	1	0	1	-71.3602
0.528071	1	0	1	-71.3602
0.529	1	0	1	-71.3602
0.529071	1	0	1	-71.3602
0.53	1	0	1	-71.3602
0.530071	1	0	1	-71.3602
0.531	1	0	1	-71.3602
0.531071	1	0	1	-71.3602
0.532	1	0	1	-71.3602
0.532071	1	0	1	-71.3602
0.533	1	0	1	-71.3602
0.533071	1	0	1	-71.3602
0.534	1	0	1	-71.3602
0.534071	1	0	1	-71.3602
0.535	1	0	1	-71.3602
0.535071	1	0	1	-71.3602
0.536	1	0	1	-71.3602
0.536071	1	0	1	-71.3602
0.537	1	0	1	-71.3602
0.537071	1	0	1	-71.3602
0.538	1	0	1	-71.3602
0.538071	1	0	1	-71.3602
0.539	1	0	1	-71.3602
0.539071	1	0	1	-71.3602
0.54	1	0	1	-71.3602
0.540071	1	0	1	-71.3602
0.541	1	0	1	-71.3602
0.541071	1	0	1	-71.3602
0.542	1	0	1	-71.3602
0.542071	1	0	1	-71.3602
0.543	1	0	1	-71.3602
0.543071	1	0	1	-71.3602
0.544	1	0	1	-71.3602
0.544071	1	0	1	-71.3602
0.545	1	0	1	-71.3602
0.545071	1	0	1	-71.3602
0.546	1	0	1	-71.3602
0.546071	1	0	1	-71.3602
0.547	1	0	1	-71.3602
0.547071	1	0	1	-71.3602
0.548	1	0	1	-71.3602
0.548071	1	0	1	-71.3602
0.549	1	0	1	-71.3602
0.549071	1	0	1	-71.3602
0.55	1	0	1	-71.3602
0.550071	1	0	1	-71.3602
0.551	1	0	1	-71.3602
0.551071	1	0	1	-71.3602
0.552	1	0	1	-71.3602
0.552071	1	0	1	-71.3602
0.553	1	0	1	-71.3602
0.553071	1	0	1	-71.3602
0.554	1	0	1	-71.3602
0.554071	1	0	1	-71.3602
0.555	1	0	1	-71.3602
0.555071	1	0	1	-71.3602
0.556	1	0	1	-71.3602
0.556071	1	0	1	-71.3602
0.557	1	0	1	-71.3602
0.557071	1	0	1	-71.3602
0.558	1	0	1	-71.3602
0.558071	1	0	1	-71.3602
0.559	1	0	1	-71.3602
0.559071	1	0	1	-71.3602
0.56	1	0	1	-71.3602
0.560071	1	0	1	-71.3602
0.561	1	0	1	-71.3602
0.561071	1	0	1	-71.3602
0.562	1	0	1	-71.3602
0.562071	1	0	1	-71.3602
0.563	1	0	1	-71.3602
0.563071	1	0	1	-71.3602
0.564	1	0	1	-71.3602
0.564071	1	0	1	-71.3602
0.565	1	0	1	-71.3602
0.565071	1	0	1	-71.3602
0.566	1	0	1	-71.3602
0.566071	1	0	1	-71.3602
0.567	1	0	1	-71.3602
0.567071	1	0	1	-71.3602
0.568	1	0	1	-71.3602
0.568071	1	0	1	-71.3602
0.569	1	0	1	-71.3602
0.569071	1	0	1	-71.3602
0.57	1	0	1	-71.3602
0.570071	1	0	1	-71.3602
0.571	1	0	1	-71.3602
0.571071	1	0	1	-71.3602
0.572	1	0	1	-71.3602
0.572071	1	0	1	-71.3602
0.573	1	0	1	-71.3602
0.573071	1	0	1	-71.3602
0.574	1	0	1	-71.3602
0.574071	1	0	1	-71.3602
0.575	1	0	1	-71.3602
0.575071	1	0	1	-71.3602
0.576	1	0	1	-71.3602
0.576071	1	0	1	-71.3602
0.577	1	0	1	-71.3602
0.577071	1	0	1	-71.3602
0.578	1	0	1	-71.3602
0.578071	1	0	1	-71.3602
0.579	1	0	1	-71.3602
0.579071	1	0	1	-71.3602
0.58	1	0	1	-71.3602
0.580071	1	0	1	-71.3602
0.581	1	0	1	-71.3602
0.581071	1	0	1	-71.3602
0.582	1	0	1	-71.3602
0.582071	1	0	1	-71.3602
0.583	1	0	1	-71.3602
0.583071	1	0	1	-71.3602
0.584	1	0	1	-71.3602
0.584071	1	0	1	-71.3602
0.585	1	0	1	-71.3602
0.585071	1	0	1	-71.3602
0.586	1	0	1	-71.3602
0.586071	1	0	1	-71.3602
0.587	1	0	1	-71.3602
0.587071	1	0	1	-71.3602
0.588	1	0	1	-71.3602
0.588071	1	0	1	-71.3602
0.589	1	0	1	-71.3602
0.589071	1	0	1	-71.3602
0.59	1	0	1	-71.3602
0.590071	1	0	1	-71.3602
0.591	1	0	1	-71.3602
0.591071	1	0	1	-71.3602
0.592	1	0	1	-71.3602
0.592071	1	0	1	-71.3602
0.593	1	0	1	-71.3602
0.593071	1	0	1	-71.3602
0.594	1	0	1	-71.3602
0.594071	1	0	1	-71.3602
0.595	1	0	1	-71.3602
0.595071	1	0	1	-71.3602
0.596	1	0	1	-71.3602
0.596071	1	0	1	-71.3602
0.597	1	0	1	-71.3602
0.597071	1	0	1	-71.3602
0.598	1	0	1	-71.3602
0.598071	1	0	1	-71.3602
0.599	1	0	1	-71.3602
0.599071	1	0	1	-71.3602
0.6	1	0	1	-71.3602
0.600071	1	0	1	-71.3602
0.601	1	0	1	-71.3602
0.601071	1	0	1	-71.3602
0.602	1	0	1	-71.3602
0.602071	1	0	1	-71.3602
0.603	1	0	1	-71.3602
0.603071	1	0	1	-71.3602
0.604	1	0	1	-71.3602
0.604071	1	0	1	-71.3602
0.605	1	0	1	-71.3602
0.605071	1	0	1	-71.3602
0.606	1	0	1	-71.3602
0.606071	1	0	1	-71.3602
0.607	1	0	1	-71.3602
0.607071	1	0	1	-71.3602
0.608	1	0	1	-71.3602
0.608071	1	0	1	-71.3602
0.609	1	0	1	-71.3602
0.609071	1	0	1	-71.3602
0.61	1	0	1	-71.3602
0.610071	1	0	1	-71.3602
0.611	1	0	1	-71.3602
0.611071	1	0	1	-71.3602
0.612	1	0	1	-71.3602
0.612071	1	0	1	-71.3602
0.613	1	0	1	-71.3602
0.613071	1	0	1	-71.3602
0.614	1	0	1	-71.3602
0.614071	1	0	1	-71.3602
0.615	1	0	1	-71.3602
0.615071	1	0	1	-71.3602
0.616	1	0	1	-71.3602
0.616071	1	0	1	-71.3602
0.617	1	0	1	-71.3602
0.617071	1	0	1	-71.3602
0.618	1	0	1	-71.3602
0.618071	1	0	1	-71.3602
0.619	1	0	1	-71.3602
0.619071	1	0	1	-71.3602
0.62	1	0	1	-71.3602
0.620071	1	0	1	-71.3602
0.621	1	0	1	-71.3602
0.621071	1	0	1	-71.3602
0.622	1	0	1	-71.3602
0.622071	1	0	1	-71.3602
0.623	1	0	1	-71.3602
0.623071	1	0	1	-71.3602
0.624	1	0	1	-71.3602
0.624071	1	0	1	-71.3602
0.625	1	0	1	-71.3602
0.625071	1	0	1	-71.3602
0.626	1	0	1	-71.3602
0.626071	1	0	1	-71.3602
0.627	1	0	1	-71.3602
0.627071	1	0	1	-71.3602
0.628	1	0	1	-71.3602
0.628071	1	0	1	-71.3602
0.629	1	0	1	-71.3602
0.629071	1	0	1	-71.3602
0.63	1	0	1	-71.3602
0.630071	1	0	1	-71.3602
0.631	1	0	1	-71.3602
0.631071	1	0	1	-71.3602
0.632	1	0	1	-71.3602
0.632071	1	0	1	-71.3602
0.633	1	0	1	-71.3602
0.633071	1	0	1	-71.3602
0.634	1	0	1	-71.3602
0.634071	1	0	1	-71.3602
0.635	1	0	1	-71.3602
0.635071	1	0	1	-71.3602
0.636	1	0	1	-71.3602
0.636071	1	0	1	-71.3602
0.637	1	0	1	-71.3602
0.637071	1	0	1	-71.3602
0.638	1	0	1	-71.3602
0.638071	1	0	1	-71.3602
0.639	1	0	1	-71.3602
0.639071	1	0	1	-71.3602
0.64	1	0	1	-71.3602
0.640071	1	0	1	-71.3602
0.641	1	0	1	-71.3602
0.641071	1	0	1	-71.3602
0.642	1	0	1	-71.3602
0.642071	1	0	1	-71.3602
0.643	1	0	1	-71.3602
0.643071	1	0	1	-71.3602
0.644	1	0	1	-71.3602
0.644071	1	0	1	-71.3602
0.645	1	0	1	-71.3602
0.645071	1	0	1	-71.3602
0.646	1	0	1	-71.3602
0.646071	1	0	1	-71.3602
0.647	1	0	1	-71.3602
0.647071	1	0	1	-71.3602
0.648	1	0	1	-71.3602
0.648071	1	0	1	-71.3602
0.649	1	0	1	-71.3602
0.649071	1	0	1	-71.3602
0.65	1	0	1	-71.3602
0.650071	1	0	1	-71.3602
0.651	1	0	1	-71.3602
0.651071	1	0	1	-71.3602
0.652	1	0	1	-71.3602
0.652071	1	0	1	-71.3602
0.653	1	0	1	-71.3602
0.653071	1	0	1	-71.3602
0.654	1	0	1	-71.3602
0.654071	1	0	1	-71.3602
0.655	1	0	1	-71.3602
0.655071	1	0	1	-71.3602
0.656	1	0	1	-71.3602
0.656071	1	0	1	-71.3602
0.657	1	0	1	-71.3602
0.657071	1	0	1	-71.3602
0.658	1	0	1	-71.3602
0.658071	1	0	1	-71.3602
0.659	1	0	1	-71.3602
0.659071	1	0	1	-71.3602
0.66	1	0	1	-71.3602
0.660071	1	0	1	-71.3602
0.661	1	0	1	-71.3602
0.661071	1	0	1	-71.3602
0.662	1	0	1	-71.3602
0.662071	1	0	1	-71.3602
0.663	1	0	1	-71.3602
0.663071	1	0	1	-71.3602
0.664	1	0	1	-71.3602
0.664071	1	0	1	-71.3602
0.665	1	0	1	-71.3602
0.665071	1	0	1	-71.3602
0.666	1	0	1	-71.3602
0.666071	1	0	1	-71.3602
0.667	1	0	1	-71.3602
0.667071	1	0	1	-71.3602
0.668	1	0	1	-71.3602
0.668071	1	0	1	-71.3602
0.669	1	0	1	-71.3602
0.669071	1	0	1	-71.3602
0.67	1	0	1	-71.3602
0.670071	1	0	1	-71.3602
0.671	1	0	1	-71.3602
0.671071	1	0	1	-71.3602
0.672	1	0	1	-71.3602
0.672071	1	0	1	-71.3602
0.673	1	0	1	-71.3602
0.673071	1	0	1	-71.3602
0.674	1	0	1	-71.3602
0.674071	1	0	1	-71.3602
0.675	1	0	1	-71.3602
0.675071	1	0	1	-71.3602
0.676	1	0	1	-71.3602
0.676071	1	0	1	-71.3602
0.677	1	0	1	-71.3602
0.677071	1	0	1	-71.3602
0.678	1	0	1	-71.3602
0.678071	1	0	1	-71.3602
0.679	1	0	1	-71.3602
0.679071	1	0	1	-71.3602
0.68	1	0	1	-71.3602
0.680071	1	0	1	-71.3602
0.681	1	0	1	-71.3602
0.681071	1	0	1	-71.3602
0.682	1	0	1	-71.3602
0.682071	1	0	1	-71.3602
0.683	1	0	1	-71.3602
0.683071	1	0	1	-71.3602
0.684	1	0	1	-71.3602
0.684071	1	0	1	-71.3602
0.685	1	0	1	-71.3602
0.685071	1	0	1	-71.3602
0.686	1	0	1	-71.3602
0.686071	1	0	1	-71.3602
0.687	1	0	1	-71.3602
0.687071	1	0	1	-71.3602
0.688	1	0	1	-71.3602
0.688071	1	0	1	-71.3602
0.689	1	0	1	-71.3602
0.689071	1	0	1	-71.3602
0.69	1	0	1	-71.3602
0.690071	1	0	1	-71.3602
0.691	1	0	1	-71.3602
0.691071	1	0	1	-71.3602
0.692	1	0	1	-71.3602
0.692071	1	0	1	-71.3602
0.693	1	0	1	-71.3602
0.693071	1	0	1	-71.3602
0.694	1	0	1	-71.3602
0.694071	1	0	1	-71.3602
0.695	1	0	1	-71.3602
0.695071	1	0	1	-71.3602
0.696	1	0	1	-71.3602
0.696071	1	0	1	-71.3602
0.697	1	0	1	-71.3602
0.697071	1	0	1	-71.3602
0.698	1	0	1	-71.3602
0.698071	1	0	1	-71.3602
0.699	1	0	1	-71.3602
0.699071	1	0	1	-71.3602
0.7	1	0	1	-71.3602
0.700071	1	0	1	-71.3602
0.701	1	0	1	-71.3602
0.701071	1	0	1	-71.3602
0.702	1	0	1	-71.3602
0.702071	1	0	1	-71.3602
0.703	1	0	1	-71.3602
0.703071	1	0	1	-71.3602
0.704	1	0	1	-71.3602
0.704071	1	0	1	-71.3602
0.705	1	0	1	-71.3602
0.705071	1	0	1	-71.3602
0.706	1	0	1	-71.3602
0.706071	1	0	1	-71.3602
0.707	1	0	1	-71.3602
0.707071	1	0	1	-71.3602
0.708	1	0	1	-71.3602
0.708071	1	0	1	-71.3602
0.709	1	0	1	-71.3602
0.709071	1	0	1	-71.3602
0.71	1	0	1	-71.3602
0.710071	1	0	1	-71.3602
0.711	1	0	1	-71.3602
0.711071	1	0	1	-71.3602
0.712	1	0	1	-71.3602
0.712071	1	0	1	-71.3602
0.713	1	0	1	-71.3602
0.713071	1	0	1	-71.3602
0.714	1	0	1	-71.3602
0.714071	1	0	1	-71.3602
0.715	1	0	1	-71.3602
0.715071	1	0	1	-71.3602
0.716	1	0	1	-71.3602
0.716071	1	0	1	-71.3602
0.717	1	0	1	-71.3602
0.717071	1	0	1	-71.3602
0.718	1	0	1	-71.3602
0.718071	1	0	1	-71.3602
0.719	1	0	1	-71.3602
0.719071	1	0	1	-71.3602
0.72	1	0	1	-71.3602
0.720071	1	0	1	-71.3602
0.721	1	0	1	-71.3602
0.721071	1	0	1	-71.3602
0.722	1	0	1	-71.3602
0.722071	1	0	1	-71.3602
0.723	1	0	1	-71.3602
0.723071	1	0	1	-71.3602
0.724	1	0	1	-71.3602
0.724071	1	0	1	-71.3602
0.725	1	0	1	-71.3602
0.725071	1	0	1	-71.3602
0.726	1	0	1	-71.3602
0.726071	1	0	1	-71.3602
0.727	1	0	1	-71.3602
0.727071	1	0	1	-71.3602
0.728	1	0	1	-71.3602
0.728071	1	0	1	-71.3602
0.729	1	0	1	-71.3602
0.729071	1	0	1	-71.3602
0.73	1	0	1	-71.3602
0.730071	1	0	1	-71.3602
0.731	1	0	1	-71.3602
0.731071	1	0	1	-71.3602
0.732	1	0	1	-71.3602
0.732071	1	0	1	-71.3602
0.733	1	0	1	-71.3602
0.733071	1	0	1	-71.3602
0.734	1	0	1	-71.3602
0.734071	1	0	1	-71.3602
0.735	1	0	1	-71.3602
0.735071	1	0	1	-71.3602
0.736	1	0	1	-71.3602
0.736071	1	0	1	-71.3602
0.737	1	0	1	-71.3602
0.737071	1	0	1	-71.3602
0.738	1	0	1	-71.3602
0.738071	1	0	1	-71.3602
0.739	1	0	1	-71.3602
0.739071	1	0	1	-71.3602
0.74	1	0	1	-71.3602
0.740071	1	0	1	-71.3602
0.741	1	0	1	-71.3602
0.741071	1	0	1	-71.3602
0.742	1	0	1	-71.3602
0.742071	1	0	1	-71.3602
0.743	1	0	1	-71.3602
0.743071	1	0	1	-71.3602
0.744	1	0	1	-71.3602
0.744071	1	0	1	-71.3602
0.745	1	0	1	-71.3602
0.745071	1	0	1	-71.3602
0.746	1	0	1	-71.3602
0.746071	1	0	1	-71.3602
0.747	1	0	1	-71.3602
0.747071	1	0	1	-71.3602
0.748	1	0	1	-71.3602
0.748071	1	0	1	-71.3602
0.749	1	0	1	-71.3602
0.749071	1	0	1	-71.3602
0.75	1	0	1	-71.3602
0.750071	1	0	1	-71.3602
0.751	1	0	1	-71.3602
0.751071	1	0	1	-71.3602
0.752	1	0	1	-71.3602
0.752071	1	0	1	-71.3602
0.753	1	0	1	-71.3602
0.753071	1	0	1	-71.3602
0.754	1	0	1	-71.3602
0.754071	1	0	1	-71.3602
0.755	1	0	1	-71.3602
0.755071	1	0	1	-71.3602
0.756	1	0	1	-71.3602
0.756071	1	0	1	-71.3602
0.757	1	0	1	-71.3602
0.757071	1	0	1	-71.3602
0.758	1	0	1	-71.3602
0.758071	1	0	1	-71.3602
0.759	1	0	1	-71.3602
0.759071	1	0	1	-71.3602
0.76	1	0	1	-71.3602
0.760071	1	0	1	-71.3602
0.761	1	0	1	-71.3602
0.761071	1	0	1	-71.3602
0.762	1	0	1	-71.3602
0.762071	1	0	1	-71.3602
0.763	1	0	1	-71.3602
0.763071	1	0	1	-71.3602
0.764	1	0	1	-71.3602
0.764071	1	0	1	-71.3602
0.765	1	0	1	-71.3602
0.765071	1	0	1	-71.3602
0.766	1	0	1	-71.3602
0.766071	1	0	1	-71.3602
0.767	1	0	1	-71.3602
0.767071	1	0	1	-71.3602
0.768	1	0	1	-71.3602
0.768071	1	0	1	-71.3602
0.769	1	0	1	-71.3602
0.769071	1	0	1	-71.3602
0.77	1	0	1	-71.3602
0.770071	1	0	1	-71.3602
0.771	1	0	1	-71.3602
0.771071	1	0	1	-71.3602
0.772	1	0	1	-71.3602
0.772071	1	0	1	-71.3602
0.773	1	0	1	-71.3602
0.773071	1	0	1	-71.3602
0.774	1	0	1	-71.3602
0.774071	1	0	1	-71.3602
0.775	1	0	1	-71.3602
0.775071	1	0	1	-71.3602
0.776	1	0	1	-71.3602
0.776071	1	0	1	-71.3602
0.777	1	0	1	-71.3602
0.777071	1	0	1	-71.3602
0.778	1	0	1	-71.3602
0.778071	1	0	1	-71.3602
0.779	1	0	1	-71.3602
0.779071	1	0	1	-71.3602
0.78	1	0	1	-71.3602
0.780071	1	0	1	-71.3602
0.781	1	0	1	-71.3602
0.781071	1	0	1	-71.3602
0.782	1	0	1	-71.3602
0.782071	1	0	1	-71.3602
0.783	1	0	1	-71.3602
0.783071	1	0	1	-71.3602
0.784	1	0	1	-71.3602
0.784071	1	0	1	-71.3602
0.785	1	0	1	-71.3602
0.785071	1	0	1	-71.3602
0.786	1	0	1	-71.3602
0.786071	1	0	1	-71.3602
0.787	1	0	1	-71.3602
0.787071	1	0	1	-71.3602
0.788	1	0	1	-71.3602
0.788071	1	0	1	-71.3602
0.789	1	0	1	-71.3602
0.789071	1	0	1	-71.3602
0.79	1	0	1	-71.3602
0.790071	1	0	1	-71.3602
0.791	1	0	1	-71.3602
0.791071	1	0	1	-71.3602
0.792	1	0	1	-71.3602
0.792071	1	0	1	-71.3602
0.793	1	0	1	-71.3602
0.793071	1	0	1	-71.3602
0.794	1	0	1	-71.3602
0.794071	1	0	1	-71.3602
0.795	1	0	1	-71.3602
0.795071	1	0	1	-71.3602
0.796	1	0	1	-71.3602
0.796071	1	0	1	-71.3602
0.797	1	0	1	-71.3602
0.797071	1	0	1	-71.3602
0.798	1	0	1	-71.3602
0.798071	1	0	1	-71.3602
0.799	1	0	1	-71.3602
0.799071	1	0	1	-71.3602
0.8	1	0	1	-71.3602
0.800071	1	0	1	-71.3602
0.801	1	0	1	-71.3602
0.801071	1	0	1	-71.3602
0.802	1	0	1	-71.3602
0.802071	1	0	1	-71.3602
0.803	1	0	1	-71.3602
0.803071	1	0	1	-71.3602
0.804	1	0	1	-71.3602
0.804071	1	0	1	-71.3602
0.805	1	0	1	-71.3602
0.805071	1	0	1	-71.3602
0.806	1	0	1	-71.3602
0.806071	1	0	1	-71.3602
0.807	1	0	1	-71.3602
0.807071	1	0	1	-71.3602
0.808	1	0	1	-71.3602
0.808071	1	0	1	-71.3602
0.809	1	0	1	-71.3602
0.809071	1	0	1	-71.3602
0.81	1	0	1	-71.3602
0.810071	1	0	1	-71.3602
0.811	1	0	1	-71.3602
0.811071	1	0	1	-71.3602
0.812	1	0	1	-71.3602
0.812071	1	0	1	-71.3602
0.813	1	0	1	-71.3602
0.813071	1	0	1	-71.3602
0.814	1	0	1	-71.3602
0.814071	1	0	1	-71.3602
0.815	1	0	1	-71.3602
0.815071	1	0	1	-71.3602
0.816	1	0	1	-71.3602
0.816071	1	0	1	-71.3602
0.817	1	0	1	-71.3602
0.817071	1	0	1	-71.3602
0.818	1	0	1	-71.3602
0.818071	1	0	1	-71.3602
0.819	1	0	1	-71.3602
0.819071	1	0	1	-71.3602
0.82	1	0	1	-71.3602
0.820071	1	0	1	-71.3602
0.821	1	0	1	-71.3602
0.821071	1	0	1	-71.3602
0.822	1	0	1	-71.3602
0.822071	1	0	1	-71.3602
0.823	1	0	1	-71.3602
0.823071	1	0	1	-71.3602
0.824	1	0	1	-71.3602
0.824071	1	0	1	-71.3602
0.825	1	0	1	-71.3602
0.825071	1	0	1	-71.3602
0.826	1	0	1	-71.3602
0.826071	1	0	1	-71.3602
0.827	1	0	1	-71.3602
0.827071	1	0	1	-71.3602
0.828	1	0	1	-71.3602
0.828071	1	0	1	-71.3602
0.829	1	0	1	-71.3602
0.829071	1	0	1	-71.3602
0.83	1	0	1	-71.3602
0.830071	1	0	1	-71.3602
0.831	1	0	1	-71.3602
0.831071	1	0	1	-71.3602
0.832	1	0	1	-71.3602
0.832071	1	0	1	-71.3602
0.833	1	0	1	-71.3602
0.833071	1	0	1	-71.3602
0.834	1	0	1	-71.3602
0.834071	1	0	1	-71.3602
0.835	1	0	1	-71.3602
0.835071	1	0	1	-71.3602
0.836	1	0	1	-71.3602
0.836071	1	0	1	-71.3602
0.837	1	0	1	-71.3602
0.837071	1	0	1	-71.3602
0.838	1	0	1	-71.3602
0.838071	1	0	1	-71.3602
0.839	1	0	1	-71.3602
0.839071	1	0	1	-71.3602
0.84	1	0	1	-71.3602
0.840071	1	0	1	-71.3602
0.841	1	0	1	-71.3602
0.841071	1	0	1	-71.3602
0.842	1	0	1	-71.3602
0.842071	1	0	1	-71.3602
0.843	1	0	1	-71.3602
0.843071	1	0	1	-71.3602
0.844	1	0	1	-71.3602
0.844071	1	0	1	-71.3602
0.845	1	0	1	-71.3602
0.845071	1	0	1	-71.3602
0.846	1	0	1	-71.3602
0.846071	1	0	1	-71.3602
0.847	1	0	1	-71.3602
0.847071	1	0	1	-71.3602
0.848	1	0	1	-71.3602
0.848071	1	0	1	-71.3602
0.849	1	0	1	-71.3602
0.849071	1	0	1	-71.3602
0.85	1	0	1	-71.3602
0.850071	1	0	1	-71.3602
0.851	1	0	1	-71.3602
0.851071	1	0	1	-71.3602
0.852	1	0	1	-71.3602
0.852071	1	0	1	-71.3602
0.853	1	0	1	-71.3602
0.853071	1	0	1	-71.3602
0.854	1	0	1	-71.3602
0.854071	1	0	1	-71.3602
0.855	1	0	1	-71.3602
0.855071	1	0	1	-71.3602
0.856	1	0	1	-71.3602
0.856071	1	0	1	-71.3602
0.857	1	0	1	-71.3602
0.857071	1	0	1	-71.3602
0.858	1	0	1	-71.3602
0.858071	1	0	1	-71.3602
0.859	1	0	1	-71.3602
0.859071	1	0	1	-71.3602
0.86	1	0	1	-71.3602
0.860071	1	0	1	-71.3602
0.861	1	0	1	-71.3602
0.861071	1	0	1	-71.3602
0.862	1	0	1	-71.3602
0.862071	1	0	1	-71.3602
0.863	1	0	1	-71.3602
0.863071	1	0	1	-71.3602
0.864	1	0	1	-71.3602
0.864071	1	0	1	-71.3602
0.865	1	0	1	-71.3602
0.865071	1	0	1	-71.3602
0.866	1	0	1	-71.3602
0.866071	1	0	1	-71.3602
0.867	1	0	1	-71.3602
0.867071	1	0	1	-71.3602
0.868	1	0	1	-71.3602
0.868071	1	0	1	-71.3602
0.869	1	0	1	-71.3602
0.869071	1	0	1	-71.3602
0.87	1	0	1	-71.3602
0.870071	1	0	1	-71.3602
0.871	1	0	1	-71.3602
0.871071	1	0	1	-71.3602
0.872	1	0	1	-71.3602
0.872071	1	0	1	-71.3602
0.873	1	0	1	-71.3602
0.873071	1	0	1	-71.3602
0.874	1	0	1	-71.3602
0.874071	1	0	1	-71.3602
0.875	1	0	1	-71.3602
0.875071	1	0	1	-71.3602
0.876	1	0	1	-71.3602
0.876071	1	0	1	-71.3602
0.877	1	0	1	-71.3602
0.877071	1	0	1	-71.3602
0.878	1	0	1	-71.3602
0.878071	1	0	1	-71.3602
0.879	1	0	1	-71.3602
0.879071	1	0	1	-71.3602
0.88	1	0	1	-71.3602
0.880071	1	0	1	-71.3602
0.881	1	0	1	-71.3602
0.881071	1	0	1	-71.3602
0.882	1	0	1	-71.3602
0.882071	1	0	1	-71.3602
0.883	1	0	1	-71.3602
0.883071	1	0	1	-71.3602
0.884	1	0	1	-71.3602
0.884071	1	0	1	-71.3602
0.885	1	0	1	-71.3602
0.885071	1	0	1	-71.3602
0.886	1	0	1	-71.3602
0.886071	1	0	1	-71.3602
0.887	1	0	1	-71.3602
0.887071	1	0	1	-71.3602
0.888	1	0	1	-71.3602
0.888071	1	0	1	-71.3602
0.889	1	0	1	-71.3602
0.889071	1	0	1	-71.3602
0.89	1	0	1	-71.3602
0.890071	1	0	1	-71.3602
0.891	1	0	1	-71.3602
0.891071	1	0	1	-71.3602
0.892	1	0	1	-71.3602
0.892071	1	0	1	-71.3602
0.893	1	0	1	-71.3602
0.893071	1	0	1	-71.3602
0.894	1	0	1	-71.3602
0.894071	1	0	1	-71.3602
0.895	1	0	1	-71.3602
0.895071	1	0	1	-71.3602
0.896	1	0	1	-71.3602
0.896071	1	0	1	-71.3602
0.897	1	0	1	-71.3602
0.897071	1	0	1	-71.3602
0.898	1	0	1	-71.3602
0.898071	1	0	1	-71.3602
0.899	1	0	1	-71.3602
0.899071	1	0	1	-71.3602
0.9	1	0	1	-71.3602
0.900071	1	0	1	-71.3602
0.901	1	0	1	-71.3602
0.901071	1	0	1	-71.3602
0.902	1	0	1	-71.3602
0.902071	1	0	1	-71.3602
0.903	1	0	1	-71.3602
0.903071	1	0	1	-71.3602
0.904	1	0	1	-71.3602
0.904071	1	0	1	-71.3602
0.905	1	0	1	-71.3602
0.905071	1	0	1	-71.3602
0.906	1	0	1	-71.3602
0.906071	1	0	1	-71.3602
0.907	1	0	1	-71.3602
0.907071	1	0	1	-71.3602
0.908	1	0	1	-71.3602
0.908071	1	0	1	-71.3602
0.909	1	0	1	-71.3602
0.909071	1	0	1	-71.3602
0.91	1	0	1	-71.3602
0.910071	1	0	1	-71.3602
0.911	1	0	1	-71.3602
0.911071	1	0	1	-71.3602
0.912	1	0	1	-71.3602
0.912071	1	0	1	-71.3602
0.913	1	0	1	-71.3602
0.913071	1	0	1	-71.3602
0.914	1	0	1	-71.3602
0.914071	1	0	1	-71.3602
0.915	1	0	1	-71.3602
0.915071	1	0	1	-71.3602
0.916	1	0	1	-71.3602
0.916071	1	0	1	-71.3602
0.917	1	0	1	-71.3602
0.917071	1	0	1	-71.3602
0.918	1	0	1	-71.3602
0.918071	1	0	1	-71.3602
0.919	1	0	1	-71.3602
0.919071	1	0	1	-71.3602
0.92	1	0	1	-71.3602
0.920071	1	0	1	-71.3602
0.921	1	0	1	-71.3602
0.921071	1	0	1	-71.3602
0.922	1	0	1	-71.3602
0.922071	1	0	1	-71.3602
0.923	1	0	1	-71.3602
0.923071	1	0	1	-71.3602
0.924	1	0	1	-71.3602
0.924071	1	0	1	-71.3602
0.925	1	0	1	-71.3602
0.925071	1	0	1	-71.3602
0.926	1	0	1	-71.3602
0.926071	1	0	1	-71.3602
0.927	1	0	1	-71.3602
0.927071	1	0	1	-71.3602
0.928	1	0	1	-71.3602
0.928071	1	0	1	-71.3602
0.929	1	0	1	-71.3602
0.929071	1	0	1	-71.3602
0.93	1	0	1	-71.3602
0.930071	1	0	1	-71.3602
0.931	1	0	1	-71.3602
0.931071	1	0	1	-71.3602
0.932	1	0	1	-71.3602
0.932071	1	0	1	-71.3602
0.933	1	0	1	-71.3602
0.933071	1	0	1	-71.3602
0.934	1	0	1	-71.3602
0.934071	1	0	1	-71.3602
0.935	1	0	1	-71.3602
0.935071	1	0	1	-71.3602
0.936	1	0	1	-71.3602
0.936071	1	0	1	-71.3602
0.937	1	0	1	-71.3602
0.937071	1	0	1	-71.3602
0.938	1	0	1	-71.3602
0.938071	1	0	1	-71.3602
0.939	1	0	1	-71.3602
0.939071	1	0	1	-71.3602
0.94	1	0	1	-71.3602
0.940071	1	0	1	-71.3602
0.941	1	0	1	-71.3602
0.941071	1	0	1	-71.3602
0.942	1	0	1	-71.3602
0.942071	1	0	1	-71.3602
0.943	1	0	1	-71.3602
0.943071	1	0	1	-71.3602
0.944	1	0	1	-71.3602
0.944071	1	0	1	-71.3602
0.945	1	0	1	-71.3602
0.945071	1	0	1	-71.3602
0.946	1	0	1	-71.3602
0.946071	1	0	1	-71.3602
0.947	1	0	1	-71.3602
0.947071	1	0	1	-71.3602
0.948	1	0	1	-71.3602
0.948071	1	0	1	-71.3602
0.949	1	0	1	-71.3602
0.949071	1	0	1	-71.3602
0.95	1	0	1	-71.3602
0.950071	1	0	1	-71.3602
0.951	1	0	1	-71.3602
0.951071	1	0	1	-71.3602
0.952	1	0	1	-71.3602
0.952071	1	0	1	-71.3602
0.953	1	0	1	-71.3602
0.953071	1	0	1	-71.3602
0.954	1	0	1	-71.3602
0.954071	1	0	1	-71.3602
0.955	1	0	1	-71.3602
0.955071	1	0	1	-71.3602
0.956	1	0	1	-71.3602
0.956071	1	0	1	-71.3602
0.957	1	0	1	-71.3602
0.957071	1	0	1	-71.3602
0.958	1	0	1	-71.3602
0.958071	1	0	1	-71.3602
0.959	1	0	1	-71.3602
0.959071	1	0	1	-71.3602
0.96	1	0	1	-71.3602
0.960071	1	0	1	-71.3602
0.961	1	0	1	-71.3602
0.961071	1	0	1	-71.3602
0.962	1	0	1	-71.3602
0.962071	1	0	1	-71.3602
0.963	1	0	1	-71.3602
0.963071	1	0	1	-71.3602
0.964	1	0	1	-71.3602
0.964071	1	0	1	-71.3602
0.965	1	0	1	-71.3602
0.965071	1	0	1	-71.3602
0.966	1	0	1	-71.3602
0.966071	1	0	1	-71.3602
0.967	1	0	1	-71.3602
0.967071	1	0	1	-71.3602
0.968	1	0	1	-71.3602
0.968071	1	0	1	-71.3602
0.969	1	0	1	-71.3602
0.969071	1	0	1	-71.3602
0.97	1	0	1	-71.3602
0.970071	1	0	1	-71.3602
0.971	1	0	1	-71.3602
0.971071	1	0	1	-71.3602
0.972	1	0	1	-71.3602
0.972071	1	0	1	-71.3602
0.973	1	0	1	-71.3602
0.973071	1	0	1	-71.3602
0.974	1	0	1	-71.3602
0.974071	1	0	1	-71.3602
0.975	1	0	1	-71.3602
0.975071	1	0	1	-71.3602
0.976	1	0	1	-71.3602
0.976071	1	0	1	-71.3602
0.977	1	0	1	-71.3602
0.977071	1	0	1	-71.3602
0.978	1	0	1	-71.3602
0.978071	1	0	1	-71.3602
0.979	1	0	1	-71.3602
0.979071	1	0	1	-71.3602
0.98	1	0	1	-71.3602
0.980071	1	0	1	-71.3602
0.981	1	0	1	-71.3602
0.981071	1	0	1	-71.3602
0.982	1	0	1	-71.3602
0.982071	1	0	1	-71.3602
0.983	1	0	1	-71.3602
0.983071	1	0	1	-71.3602
0.984	1	0	1	-71.3602
0.984071	1	0	1	-71.3602
0.985	1	0	1	-71.3602
0.985071	1	0	1	-71.3602
0.986	1	0	1	-71.3602
0.986071	1	0	1	-71.3602
0.987	1	0	1	-71.3602
0.987071	1	0	1	-71.3602
0.988	1	0	1	-71.3602
0.988071	1	0	1	-71.3602
0.989	1	0	1	-71.3602
0.989071	1	0	1	-71.3602
0.99	1	0	1	-71.3602
0.990071	1	0	1	-71.3602
0.991	1	0	1	-71.3602
0.991071	1	0	1	-71.3602
0.992	1	0	1	-71.3602
0.992071	1	0	1	-71.3602
0.993	1	0	1	-71.3602
0.993071	1	0	1	-71.3602
0.994	1	0	1	-71.3602
0.994071	1	0	1	-71.3602
0.995	1	0	1	-71.3602
0.995071	1	0	1	-71.3602
0.996	1	0	1	-71.3602
0.996071	1	0	1	-71.3602
0.997	1	0	1	-71.3602
0.997071	1	0	1	-71.3602
0.998	1	0	1	-71.3602
0.998071	1	0	1	-71.3602
0.999	1	0	1	-71.3602
0.999071	1	0	1	-71.3602
