time(s)	cellId	rnti	lcid	packetSize	delay(s)
0.406029	1	1	4	1030	0.00602677
0.409029	1	1	4	1030	0.00898677
0.410029	1	1	4	1030	0.00994677
0.411029	1	1	4	1030	0.0109068
0.413029	1	1	4	1030	0.0128668
0.414029	1	1	4	1030	0.0138268
0.415029	1	1	4	1030	0.0147868
0.416029	1	1	4	1030	0.0157468
0.418029	1	1	4	1030	0.0177068
0.419029	1	1	4	1030	0.0186668
0.420029	1	1	4	1030	0.0196268
0.421029	1	1	4	1030	0.0205868
0.423029	1	1	4	1030	0.0225468
0.424029	1	1	4	1030	0.0235068
0.425029	1	1	4	1030	0.0244668
0.426029	1	1	4	1030	0.0254268
0.428029	1	1	4	1030	0.0273868
0.429029	1	1	4	1030	0.0283468
0.430029	1	1	4	1030	0.0293068
0.431029	1	1	4	1030	0.0302668
0.433029	1	1	4	1030	0.0322268
0.434029	1	1	4	1030	0.0331868
0.435029	1	1	4	1030	0.0341468
0.436029	1	1	4	1030	0.0351068
0.438029	1	1	4	1030	0.0370668
0.439029	1	1	4	1030	0.0380268
0.440029	1	1	4	1030	0.0389868
0.441029	1	1	4	1030	0.0399468
0.443029	1	1	4	1030	0.0419068
0.444029	1	1	4	1030	0.0428668
0.445029	1	1	4	1030	0.0438268
0.446029	1	1	4	1030	0.0447868
0.448029	1	1	4	1030	0.0467468
0.449029	1	1	4	1030	0.0477068
0.450029	1	1	4	1030	0.0486668
0.451029	1	1	4	1030	0.0496268
0.452029	1	1	4	1030	0.0505868
0.454029	1	1	4	1030	0.0525468
0.455029	1	1	4	1030	0.0535068
0.456029	1	1	4	1030	0.0544668
0.457029	1	1	4	1030	0.0554268
0.458957	1	1	4	1030	0.0573153
0.460029	1	1	4	1030	0.0583468
0.461029	1	1	4	1030	0.0593068
0.462029	1	1	4	1030	0.0602668
0.464029	1	1	4	1030	0.0622268
0.465029	1	1	4	1030	0.0631868
0.466029	1	1	4	1030	0.0641468
0.467029	1	1	4	1030	0.0651068
0.469029	1	1	4	1030	0.0670668
0.470029	1	1	4	1030	0.0680268
0.471029	1	1	4	1030	0.0689868
0.472029	1	1	4	1030	0.0699468
0.474029	1	1	4	1030	0.0719068
0.475029	1	1	4	1030	0.0728668
0.476029	1	1	4	1030	0.0738268
0.477029	1	1	4	1030	0.0747868
0.479029	1	1	4	1030	0.0767468
0.480029	1	1	4	1030	0.0777068
0.481029	1	1	4	1030	0.0786668
0.482029	1	1	4	1030	0.0796268
0.484029	1	1	4	1030	0.0815868
0.485029	1	1	4	1030	0.0825468
0.486029	1	1	4	1030	0.0835068
0.487029	1	1	4	1030	0.0844668
0.489029	1	1	4	1030	0.0864268
0.490029	1	1	4	1030	0.0873868
0.491029	1	1	4	1030	0.0883468
0.492029	1	1	4	1030	0.0893068
0.494029	1	1	4	1030	0.0912668
0.495029	1	1	4	1030	0.0922268
0.496029	1	1	4	1030	0.0931868
0.497029	1	1	4	1030	0.0941468
0.499029	1	1	4	1030	0.0961068
0.500029	1	1	4	1030	0.0970668
0.501029	1	1	4	1030	0.0980268
0.502029	1	1	4	1030	0.0989868
0.503029	1	1	4	1030	0.0999468
0.505029	1	1	4	1030	0.101907
0.506029	1	1	4	1030	0.102867
0.507029	1	1	4	1030	0.103827
0.508029	1	1	4	1030	0.104787
0.510029	1	1	4	1030	0.106747
0.511029	1	1	4	1030	0.107707
0.512029	1	1	4	1030	0.108667
0.513029	1	1	4	1030	0.109627
0.515029	1	1	4	1030	0.111587
0.516029	1	1	4	1030	0.112547
0.517029	1	1	4	1030	0.113507
0.518029	1	1	4	1030	0.114467
0.520029	1	1	4	1030	0.116427
0.521029	1	1	4	1030	0.117387
0.522029	1	1	4	1030	0.118347
0.523029	1	1	4	1030	0.119307
0.525029	1	1	4	1030	0.121267
0.526029	1	1	4	1030	0.122227
0.527029	1	1	4	1030	0.123187
0.528029	1	1	4	1030	0.124147
0.530029	1	1	4	1030	0.126107
0.531029	1	1	4	1030	0.127067
0.532029	1	1	4	1030	0.128027
0.533029	1	1	4	1030	0.128987
0.535029	1	1	4	1030	0.130947
0.536029	1	1	4	1030	0.131907
0.537029	1	1	4	1030	0.132867
0.538029	1	1	4	1030	0.133827
0.540029	1	1	4	1030	0.135787
0.541029	1	1	4	1030	0.136747
0.542029	1	1	4	1030	0.137707
0.543029	1	1	4	1030	0.138667
0.545029	1	1	4	1030	0.140627
0.546029	1	1	4	1030	0.141587
0.547029	1	1	4	1030	0.142547
0.548029	1	1	4	1030	0.143507
0.550029	1	1	4	1030	0.145467
0.551029	1	1	4	1030	0.146427
0.552029	1	1	4	1030	0.147387
0.553029	1	1	4	1030	0.148347
0.554029	1	1	4	1030	0.149307
0.556029	1	1	4	1030	0.151267
0.557029	1	1	4	1030	0.152227
0.558029	1	1	4	1030	0.153187
0.559029	1	1	4	1030	0.154147
0.561029	1	1	4	1030	0.156107
0.562029	1	1	4	1030	0.157067
0.563029	1	1	4	1030	0.158027
0.564029	1	1	4	1030	0.158987
0.566029	1	1	4	1030	0.160947
0.567029	1	1	4	1030	0.161907
0.568029	1	1	4	1030	0.162867
0.569029	1	1	4	1030	0.163827
0.571029	1	1	4	1030	0.165787
0.572029	1	1	4	1030	0.166747
0.573029	1	1	4	1030	0.167707
0.574029	1	1	4	1030	0.168667
0.576029	1	1	4	1030	0.170627
0.577029	1	1	4	1030	0.171587
0.578029	1	1	4	1030	0.172547
0.579029	1	1	4	1030	0.173507
0.581029	1	1	4	1030	0.175467
0.582029	1	1	4	1030	0.176427
0.583029	1	1	4	1030	0.177387
0.584029	1	1	4	1030	0.178347
0.586029	1	1	4	1030	0.180307
0.587029	1	1	4	1030	0.181267
0.588029	1	1	4	1030	0.182227
0.589029	1	1	4	1030	0.183187
0.590029	1	1	4	1030	0.184147
0.592029	1	1	4	1030	0.186107
0.593029	1	1	4	1030	0.187067
0.594029	1	1	4	1030	0.188027
0.595029	1	1	4	1030	0.188987
0.597029	1	1	4	1030	0.190947
0.598029	1	1	4	1030	0.191907
0.599029	1	1	4	1030	0.192867
0.600029	1	1	4	1030	0.193827
0.602029	1	1	4	1030	0.195787
0.603029	1	1	4	1030	0.196747
0.604029	1	1	4	1030	0.197707
0.605029	1	1	4	1030	0.198667
0.607029	1	1	4	1030	0.200627
0.608029	1	1	4	1030	0.201587
0.609029	1	1	4	1030	0.202547
0.610029	1	1	4	1030	0.203507
0.612029	1	1	4	1030	0.205467
0.613029	1	1	4	1030	0.206427
0.614029	1	1	4	1030	0.207387
0.615029	1	1	4	1030	0.208347
0.617029	1	1	4	1030	0.210307
0.618029	1	1	4	1030	0.211267
0.618957	1	1	4	1030	0.212155
0.620029	1	1	4	1030	0.213187
0.622029	1	1	4	1030	0.215147
0.623029	1	1	4	1030	0.216107
0.624029	1	1	4	1030	0.217067
0.625029	1	1	4	1030	0.218027
0.627029	1	1	4	1030	0.219987
0.628029	1	1	4	1030	0.220947
0.629029	1	1	4	1030	0.221907
0.630029	1	1	4	1030	0.222867
0.632029	1	1	4	1030	0.224827
0.633029	1	1	4	1030	0.225787
0.634029	1	1	4	1030	0.226747
0.635029	1	1	4	1030	0.227707
0.637029	1	1	4	1030	0.229667
0.638029	1	1	4	1030	0.230627
0.639029	1	1	4	1030	0.231587
0.640029	1	1	4	1030	0.232547
0.641029	1	1	4	1030	0.233507
0.643029	1	1	4	1030	0.235467
0.644029	1	1	4	1030	0.236427
0.645029	1	1	4	1030	0.237387
0.646029	1	1	4	1030	0.238347
0.648029	1	1	4	1030	0.240307
0.649029	1	1	4	1030	0.241267
0.650029	1	1	4	1030	0.242227
0.651029	1	1	4	1030	0.243187
0.653029	1	1	4	1030	0.245147
0.654029	1	1	4	1030	0.246107
0.655029	1	1	4	1030	0.247067
0.656029	1	1	4	1030	0.248027
0.658029	1	1	4	1030	0.249987
0.659029	1	1	4	1030	0.250947
0.660029	1	1	4	1030	0.251907
0.661029	1	1	4	1030	0.252867
0.663029	1	1	4	1030	0.254827
0.664029	1	1	4	1030	0.255787
0.665029	1	1	4	1030	0.256747
0.666029	1	1	4	1030	0.257707
0.668029	1	1	4	1030	0.259667
0.669029	1	1	4	1030	0.260627
0.670029	1	1	4	1030	0.261587
0.671029	1	1	4	1030	0.262547
0.673029	1	1	4	1030	0.264507
0.674029	1	1	4	1030	0.265467
0.675029	1	1	4	1030	0.266427
0.676029	1	1	4	1030	0.267387
0.678029	1	1	4	1030	0.269347
0.679029	1	1	4	1030	0.270307
0.680029	1	1	4	1030	0.271267
0.681029	1	1	4	1030	0.272227
0.682029	1	1	4	1030	0.273187
0.684029	1	1	4	1030	0.275147
0.685029	1	1	4	1030	0.276107
0.686029	1	1	4	1030	0.277067
0.687029	1	1	4	1030	0.278027
0.689029	1	1	4	1030	0.279987
0.690029	1	1	4	1030	0.280947
0.691029	1	1	4	1030	0.281907
0.692029	1	1	4	1030	0.282867
0.694029	1	1	4	1030	0.284827
0.695029	1	1	4	1030	0.285787
0.696029	1	1	4	1030	0.286747
0.697029	1	1	4	1030	0.287707
0.698957	1	1	4	1030	0.289595
0.700029	1	1	4	1030	0.290627
0.701029	1	1	4	1030	0.291587
0.702029	1	1	4	1030	0.292547
0.704029	1	1	4	1030	0.294507
0.705029	1	1	4	1030	0.295467
0.706029	1	1	4	1030	0.296427
0.707029	1	1	4	1030	0.297387
0.709029	1	1	4	1030	0.299347
0.710029	1	1	4	1030	0.300307
0.711029	1	1	4	1030	0.301267
0.712029	1	1	4	1030	0.302227
0.714029	1	1	4	1030	0.304187
0.715029	1	1	4	1030	0.305147
0.716029	1	1	4	1030	0.306107
0.717029	1	1	4	1030	0.307067
0.719029	1	1	4	1030	0.309027
0.720029	1	1	4	1030	0.309987
0.721029	1	1	4	1030	0.310947
0.722029	1	1	4	1030	0.311907
0.725029	1	1	4	1030	0.314867
0.727029	1	1	4	1030	0.316827
0.730029	1	1	4	1030	0.319787
0.732029	1	1	4	1030	0.321747
0.735029	1	1	4	1030	0.324707
0.737029	1	1	4	1030	0.326667
0.740029	1	1	4	1030	0.329627
0.742029	1	1	4	1030	0.331587
0.745029	1	1	4	1030	0.334547
0.747029	1	1	4	1030	0.336507
0.750029	1	1	4	1030	0.339467
0.752029	1	1	4	1030	0.341427
0.755029	1	1	4	1030	0.344387
0.757029	1	1	4	1030	0.346347
0.760029	1	1	4	1030	0.349307
0.762029	1	1	4	1030	0.351267
0.765029	1	1	4	1030	0.354227
0.767029	1	1	4	1030	0.356187
0.770029	1	1	4	1030	0.359147
0.772029	1	1	4	1030	0.361107
0.775029	1	1	4	1030	0.364067
0.777029	1	1	4	1030	0.366027
0.780029	1	1	4	1030	0.368987
0.782029	1	1	4	1030	0.370947
0.785029	1	1	4	1030	0.373907
0.787029	1	1	4	1030	0.375867
0.790029	1	1	4	1030	0.378827
0.792029	1	1	4	1030	0.380787
0.795029	1	1	4	1030	0.383747
0.798029	1	1	4	1030	0.386707
0.800029	1	1	4	1030	0.388667
0.803029	1	1	4	1030	0.391627
0.805029	1	1	4	1030	0.393587
0.808029	1	1	4	1030	0.396547
0.810029	1	1	4	1030	0.398507
0.813029	1	1	4	1030	0.401467
0.815029	1	1	4	1030	0.403427
0.818029	1	1	4	1030	0.406387
0.820029	1	1	4	1030	0.408347
0.823029	1	1	4	1030	0.411307
0.824029	1	1	4	1030	0.412267
0.826029	1	1	4	1030	0.414227
0.827029	1	1	4	1030	0.415187
0.828029	1	1	4	1030	0.416147
0.829029	1	1	4	1030	0.417107
0.831029	1	1	4	1030	0.419067
0.832029	1	1	4	1030	0.420027
0.833029	1	1	4	1030	0.420987
0.834029	1	1	4	1030	0.421947
0.835029	1	1	4	1030	0.422907
0.837029	1	1	4	1030	0.424867
0.838029	1	1	4	1030	0.425827
0.839029	1	1	4	1030	0.426787
0.840029	1	1	4	1030	0.427747
0.842029	1	1	4	1030	0.429707
0.843029	1	1	4	1030	0.430667
0.844029	1	1	4	1030	0.431627
0.845029	1	1	4	1030	0.432587
0.847029	1	1	4	1030	0.434547
0.848029	1	1	4	1030	0.435507
0.849029	1	1	4	1030	0.436467
0.850029	1	1	4	1030	0.437427
0.852029	1	1	4	1030	0.439387
0.853029	1	1	4	1030	0.440347
0.854029	1	1	4	1030	0.441307
0.855029	1	1	4	1030	0.442267
0.857029	1	1	4	1030	0.444227
0.858029	1	1	4	1030	0.445187
0.858957	1	1	4	1030	0.446075
0.860029	1	1	4	1030	0.447107
0.862029	1	1	4	1030	0.449067
0.863029	1	1	4	1030	0.450027
0.864029	1	1	4	1030	0.450987
0.865029	1	1	4	1030	0.451947
0.867029	1	1	4	1030	0.453907
0.868029	1	1	4	1030	0.454867
0.869029	1	1	4	1030	0.455827
0.870029	1	1	4	1030	0.456787
0.872029	1	1	4	1030	0.458747
0.873029	1	1	4	1030	0.459707
0.874029	1	1	4	1030	0.460667
0.875029	1	1	4	1030	0.461627
0.877029	1	1	4	1030	0.463587
0.878029	1	1	4	1030	0.464547
0.879029	1	1	4	1030	0.465507
0.880029	1	1	4	1030	0.466467
0.882029	1	1	4	1030	0.468427
0.883029	1	1	4	1030	0.469387
0.884029	1	1	4	1030	0.470347
0.885029	1	1	4	1030	0.471307
0.886029	1	1	4	1030	0.472267
0.888029	1	1	4	1030	0.474227
0.889029	1	1	4	1030	0.475187
0.890029	1	1	4	1030	0.476147
0.891029	1	1	4	1030	0.477107
0.893029	1	1	4	1030	0.479067
0.894029	1	1	4	1030	0.480027
0.895029	1	1	4	1030	0.480987
0.896029	1	1	4	1030	0.481947
0.898029	1	1	4	1030	0.483907
0.899029	1	1	4	1030	0.484867
0.900029	1	1	4	1030	0.485827
0.901029	1	1	4	1030	0.486787
0.903029	1	1	4	1030	0.488747
0.904029	1	1	4	1030	0.489707
0.905029	1	1	4	1030	0.490667
0.906029	1	1	4	1030	0.491627
0.908029	1	1	4	1030	0.493587
0.909029	1	1	4	1030	0.494547
0.910029	1	1	4	1030	0.495507
0.911029	1	1	4	1030	0.496467
0.913029	1	1	4	1030	0.498427
0.914029	1	1	4	1030	0.499387
0.915029	1	1	4	1030	0.500347
0.916029	1	1	4	1030	0.501307
0.918029	1	1	4	1030	0.503267
0.919029	1	1	4	1030	0.504227
0.920029	1	1	4	1030	0.505187
0.921029	1	1	4	1030	0.506147
0.923029	1	1	4	1030	0.508107
0.924029	1	1	4	1030	0.509067
0.925029	1	1	4	1030	0.510027
0.926029	1	1	4	1030	0.510987
0.927029	1	1	4	1030	0.511947
0.929029	1	1	4	1030	0.513907
0.930029	1	1	4	1030	0.514867
0.931029	1	1	4	1030	0.515827
0.932029	1	1	4	1030	0.516787
0.934029	1	1	4	1030	0.518747
0.935029	1	1	4	1030	0.519707
0.936029	1	1	4	1030	0.520667
0.937029	1	1	4	1030	0.521627
0.938957	1	1	4	1030	0.523515
0.940029	1	1	4	1030	0.524547
0.941029	1	1	4	1030	0.525507
0.942029	1	1	4	1030	0.526467
0.944029	1	1	4	1030	0.528427
0.945029	1	1	4	1030	0.529387
0.946029	1	1	4	1030	0.530347
0.947029	1	1	4	1030	0.531307
0.949029	1	1	4	1030	0.533267
0.950029	1	1	4	1030	0.534227
0.951029	1	1	4	1030	0.535187
0.952029	1	1	4	1030	0.536147
0.954029	1	1	4	1030	0.538107
0.955029	1	1	4	1030	0.539067
0.956029	1	1	4	1030	0.540027
0.957029	1	1	4	1030	0.540987
0.959029	1	1	4	1030	0.542947
0.960029	1	1	4	1030	0.543907
0.961029	1	1	4	1030	0.544867
0.962029	1	1	4	1030	0.545827
0.964029	1	1	4	1030	0.547787
0.965029	1	1	4	1030	0.548747
0.966029	1	1	4	1030	0.549707
0.967029	1	1	4	1030	0.550667
0.969029	1	1	4	1030	0.552627
0.970029	1	1	4	1030	0.553587
0.971029	1	1	4	1030	0.554547
0.972029	1	1	4	1030	0.555507
0.974029	1	1	4	1030	0.557467
0.975029	1	1	4	1030	0.558427
0.976029	1	1	4	1030	0.559387
0.977029	1	1	4	1030	0.560347
0.978029	1	1	4	1030	0.561307
0.980029	1	1	4	1030	0.563267
0.981029	1	1	4	1030	0.564227
0.982029	1	1	4	1030	0.565187
0.983029	1	1	4	1030	0.566147
0.985029	1	1	4	1030	0.568107
0.986029	1	1	4	1030	0.569067
0.987029	1	1	4	1030	0.570027
0.988029	1	1	4	1030	0.570987
0.990029	1	1	4	1030	0.572947
0.991029	1	1	4	1030	0.573907
0.992029	1	1	4	1030	0.574867
0.993029	1	1	4	1030	0.575827
0.995029	1	1	4	1030	0.577787
0.996029	1	1	4	1030	0.578747
0.997029	1	1	4	1030	0.579707
0.998029	1	1	4	1030	0.580667
