time(s)	cellId	rnti	lcid	packetSize
0.401	1	1	4	413
0.402	1	1	4	413
0.403	1	1	4	413
0.404	1	1	4	413
0.405	1	1	4	413
0.406	1	1	4	413
0.407	1	1	4	833
0.408	1	1	4	831
0.409	1	1	4	833
0.41	1	1	4	833
0.411	1	1	4	833
0.412	1	1	4	833
0.413	1	1	4	833
0.414	1	1	4	833
0.415	1	1	4	833
0.416	1	1	4	833
0.417	1	1	4	833
0.418	1	1	4	833
0.419	1	1	4	833
0.42	1	1	4	833
0.421	1	1	4	833
0.422	1	1	4	833
0.423	1	1	4	833
0.424	1	1	4	833
0.425	1	1	4	833
0.426	1	1	4	833
0.427	1	1	4	833
0.428	1	1	4	833
0.429	1	1	4	833
0.43	1	1	4	833
0.431	1	1	4	833
0.432	1	1	4	833
0.433	1	1	4	833
0.434	1	1	4	833
0.435	1	1	4	833
0.436	1	1	4	833
0.437	1	1	4	833
0.438	1	1	4	833
0.439	1	1	4	833
0.44	1	1	4	833
0.441	1	1	4	833
0.442	1	1	4	833
0.443	1	1	4	833
0.444	1	1	4	833
0.445	1	1	4	833
0.446	1	1	4	833
0.447	1	1	4	833
0.448	1	1	4	833
0.449	1	1	4	833
0.45	1	1	4	833
0.451	1	1	4	833
0.452	1	1	4	833
0.453	1	1	4	833
0.454	1	1	4	833
0.455	1	1	4	833
0.456	1	1	4	763
0.457	1	1	4	833
0.458	1	1	4	833
0.459	1	1	4	832
0.46	1	1	4	833
0.461	1	1	4	833
0.462	1	1	4	833
0.463	1	1	4	833
0.464	1	1	4	833
0.465	1	1	4	833
0.466	1	1	4	833
0.467	1	1	4	833
0.468	1	1	4	833
0.469	1	1	4	833
0.47	1	1	4	833
0.471	1	1	4	833
0.472	1	1	4	833
0.473	1	1	4	833
0.474	1	1	4	833
0.475	1	1	4	833
0.476	1	1	4	833
0.477	1	1	4	833
0.478	1	1	4	833
0.479	1	1	4	833
0.48	1	1	4	833
0.481	1	1	4	833
0.482	1	1	4	833
0.483	1	1	4	833
0.484	1	1	4	833
0.485	1	1	4	833
0.486	1	1	4	833
0.487	1	1	4	833
0.488	1	1	4	833
0.489	1	1	4	833
0.49	1	1	4	833
0.491	1	1	4	833
0.492	1	1	4	833
0.493	1	1	4	833
0.494	1	1	4	833
0.495	1	1	4	833
0.496	1	1	4	833
0.497	1	1	4	833
0.498	1	1	4	833
0.499	1	1	4	833
0.5	1	1	4	833
0.501	1	1	4	833
0.502	1	1	4	833
0.503	1	1	4	833
0.504	1	1	4	833
0.505	1	1	4	833
0.506	1	1	4	833
0.507	1	1	4	833
0.508	1	1	4	833
0.509	1	1	4	833
0.51	1	1	4	833
0.511	1	1	4	833
0.512	1	1	4	833
0.513	1	1	4	833
0.514	1	1	4	833
0.515	1	1	4	833
0.516	1	1	4	833
0.517	1	1	4	833
0.518	1	1	4	833
0.519	1	1	4	833
0.52	1	1	4	833
0.521	1	1	4	833
0.522	1	1	4	833
0.523	1	1	4	833
0.524	1	1	4	833
0.525	1	1	4	833
0.526	1	1	4	833
0.527	1	1	4	833
0.528	1	1	4	833
0.529	1	1	4	833
0.53	1	1	4	833
0.531	1	1	4	833
0.532	1	1	4	833
0.533	1	1	4	833
0.534	1	1	4	833
0.535	1	1	4	833
0.536	1	1	4	763
0.537	1	1	4	833
0.538	1	1	4	833
0.539	1	1	4	833
0.54	1	1	4	833
0.541	1	1	4	833
0.542	1	1	4	833
0.543	1	1	4	833
0.544	1	1	4	833
0.545	1	1	4	833
0.546	1	1	4	833
0.547	1	1	4	833
0.548	1	1	4	833
0.549	1	1	4	833
0.55	1	1	4	833
0.551	1	1	4	833
0.552	1	1	4	833
0.553	1	1	4	833
0.554	1	1	4	833
0.555	1	1	4	833
0.556	1	1	4	833
0.557	1	1	4	833
0.558	1	1	4	833
0.559	1	1	4	833
0.56	1	1	4	833
0.561	1	1	4	833
0.562	1	1	4	833
0.563	1	1	4	833
0.564	1	1	4	833
0.565	1	1	4	833
0.566	1	1	4	833
0.567	1	1	4	833
0.568	1	1	4	833
0.569	1	1	4	833
0.57	1	1	4	833
0.571	1	1	4	833
0.572	1	1	4	833
0.573	1	1	4	833
0.574	1	1	4	833
0.575	1	1	4	833
0.576	1	1	4	833
0.577	1	1	4	833
0.578	1	1	4	833
0.579	1	1	4	833
0.58	1	1	4	833
0.581	1	1	4	833
0.582	1	1	4	833
0.583	1	1	4	833
0.584	1	1	4	833
0.585	1	1	4	833
0.586	1	1	4	833
0.587	1	1	4	833
0.588	1	1	4	833
0.589	1	1	4	833
0.59	1	1	4	833
0.591	1	1	4	833
0.592	1	1	4	833
0.593	1	1	4	833
0.594	1	1	4	833
0.595	1	1	4	833
0.596	1	1	4	833
0.597	1	1	4	833
0.598	1	1	4	833
0.599	1	1	4	833
0.6	1	1	4	833
0.601	1	1	4	833
0.602	1	1	4	833
0.603	1	1	4	833
0.604	1	1	4	833
0.605	1	1	4	833
0.606	1	1	4	833
0.607	1	1	4	833
0.608	1	1	4	833
0.609	1	1	4	833
0.61	1	1	4	833
0.611	1	1	4	833
0.612	1	1	4	833
0.613	1	1	4	833
0.614	1	1	4	833
0.615	1	1	4	833
0.616	1	1	4	763
0.617	1	1	4	833
0.618	1	1	4	833
0.619	1	1	4	833
0.62	1	1	4	833
0.621	1	1	4	833
0.622	1	1	4	833
0.623	1	1	4	833
0.624	1	1	4	833
0.625	1	1	4	833
0.626	1	1	4	833
0.627	1	1	4	833
0.628	1	1	4	833
0.629	1	1	4	833
0.63	1	1	4	833
0.631	1	1	4	833
0.632	1	1	4	833
0.633	1	1	4	833
0.634	1	1	4	833
0.635	1	1	4	833
0.636	1	1	4	833
0.637	1	1	4	833
0.638	1	1	4	833
0.639	1	1	4	833
0.64	1	1	4	833
0.641	1	1	4	833
0.642	1	1	4	833
0.643	1	1	4	833
0.644	1	1	4	833
0.645	1	1	4	833
0.646	1	1	4	833
0.647	1	1	4	833
0.648	1	1	4	833
0.649	1	1	4	833
0.65	1	1	4	833
0.651	1	1	4	833
0.652	1	1	4	833
0.653	1	1	4	833
0.654	1	1	4	833
0.655	1	1	4	833
0.656	1	1	4	833
0.657	1	1	4	833
0.658	1	1	4	833
0.659	1	1	4	833
0.66	1	1	4	833
0.661	1	1	4	833
0.662	1	1	4	833
0.663	1	1	4	833
0.664	1	1	4	833
0.665	1	1	4	833
0.666	1	1	4	833
0.667	1	1	4	833
0.668	1	1	4	833
0.669	1	1	4	833
0.67	1	1	4	833
0.671	1	1	4	833
0.672	1	1	4	833
0.673	1	1	4	833
0.674	1	1	4	833
0.675	1	1	4	833
0.676	1	1	4	833
0.677	1	1	4	833
0.678	1	1	4	833
0.679	1	1	4	833
0.68	1	1	4	833
0.681	1	1	4	833
0.682	1	1	4	833
0.683	1	1	4	833
0.684	1	1	4	833
0.685	1	1	4	833
0.686	1	1	4	833
0.687	1	1	4	833
0.688	1	1	4	833
0.689	1	1	4	833
0.69	1	1	4	833
0.691	1	1	4	833
0.692	1	1	4	833
0.693	1	1	4	833
0.694	1	1	4	833
0.695	1	1	4	833
0.696	1	1	4	763
0.697	1	1	4	833
0.698	1	1	4	833
0.699	1	1	4	833
0.7	1	1	4	833
0.701	1	1	4	833
0.702	1	1	4	833
0.703	1	1	4	833
0.704	1	1	4	833
0.705	1	1	4	833
0.706	1	1	4	833
0.707	1	1	4	833
0.708	1	1	4	833
0.709	1	1	4	833
0.71	1	1	4	833
0.711	1	1	4	833
0.712	1	1	4	833
0.713	1	1	4	833
0.714	1	1	4	833
0.715	1	1	4	833
0.716	1	1	4	833
0.717	1	1	4	833
0.718	1	1	4	833
0.719	1	1	4	833
0.72	1	1	4	413
0.721	1	1	4	413
0.722	1	1	4	413
0.723	1	1	4	413
0.724	1	1	4	413
0.725	1	1	4	413
0.726	1	1	4	413
0.727	1	1	4	413
0.728	1	1	4	413
0.729	1	1	4	413
0.73	1	1	4	413
0.731	1	1	4	413
0.732	1	1	4	413
0.733	1	1	4	413
0.734	1	1	4	413
0.735	1	1	4	413
0.736	1	1	4	413
0.737	1	1	4	413
0.738	1	1	4	413
0.739	1	1	4	413
0.74	1	1	4	413
0.741	1	1	4	413
0.742	1	1	4	413
0.743	1	1	4	413
0.744	1	1	4	413
0.745	1	1	4	413
0.746	1	1	4	413
0.747	1	1	4	413
0.748	1	1	4	413
0.749	1	1	4	413
0.75	1	1	4	413
0.751	1	1	4	413
0.752	1	1	4	413
0.753	1	1	4	413
0.754	1	1	4	413
0.755	1	1	4	413
0.756	1	1	4	413
0.757	1	1	4	413
0.758	1	1	4	413
0.759	1	1	4	413
0.76	1	1	4	413
0.761	1	1	4	413
0.762	1	1	4	413
0.763	1	1	4	413
0.764	1	1	4	413
0.765	1	1	4	413
0.766	1	1	4	413
0.767	1	1	4	413
0.768	1	1	4	413
0.769	1	1	4	413
0.77	1	1	4	413
0.771	1	1	4	413
0.772	1	1	4	413
0.773	1	1	4	413
0.774	1	1	4	413
0.775	1	1	4	413
0.776	1	1	4	378
0.777	1	1	4	413
0.778	1	1	4	413
0.779	1	1	4	413
0.78	1	1	4	413
0.781	1	1	4	413
0.782	1	1	4	413
0.783	1	1	4	413
0.784	1	1	4	413
0.785	1	1	4	413
0.786	1	1	4	413
0.787	1	1	4	413
0.788	1	1	4	413
0.789	1	1	4	413
0.79	1	1	4	413
0.791	1	1	4	413
0.792	1	1	4	413
0.793	1	1	4	413
0.794	1	1	4	413
0.795	1	1	4	413
0.796	1	1	4	413
0.797	1	1	4	413
0.798	1	1	4	413
0.799	1	1	4	413
0.8	1	1	4	413
0.801	1	1	4	413
0.802	1	1	4	413
0.803	1	1	4	413
0.804	1	1	4	413
0.805	1	1	4	413
0.806	1	1	4	413
0.807	1	1	4	413
0.808	1	1	4	413
0.809	1	1	4	413
0.81	1	1	4	413
0.811	1	1	4	413
0.812	1	1	4	413
0.813	1	1	4	413
0.814	1	1	4	413
0.815	1	1	4	413
0.816	1	1	4	413
0.817	1	1	4	413
0.818	1	1	4	413
0.819	1	1	4	413
0.82	1	1	4	413
0.821	1	1	4	833
0.822	1	1	4	833
0.823	1	1	4	833
0.824	1	1	4	833
0.825	1	1	4	833
0.826	1	1	4	833
0.827	1	1	4	833
0.828	1	1	4	833
0.829	1	1	4	833
0.83	1	1	4	833
0.831	1	1	4	833
0.832	1	1	4	833
0.833	1	1	4	833
0.834	1	1	4	833
0.835	1	1	4	833
0.836	1	1	4	833
0.837	1	1	4	833
0.838	1	1	4	833
0.839	1	1	4	833
0.84	1	1	4	833
0.841	1	1	4	833
0.842	1	1	4	833
0.843	1	1	4	833
0.844	1	1	4	833
0.845	1	1	4	833
0.846	1	1	4	833
0.847	1	1	4	833
0.848	1	1	4	833
0.849	1	1	4	833
0.85	1	1	4	833
0.851	1	1	4	833
0.852	1	1	4	833
0.853	1	1	4	833
0.854	1	1	4	833
0.855	1	1	4	833
0.856	1	1	4	763
0.857	1	1	4	833
0.858	1	1	4	833
0.859	1	1	4	833
0.86	1	1	4	833
0.861	1	1	4	833
0.862	1	1	4	833
0.863	1	1	4	833
0.864	1	1	4	833
0.865	1	1	4	833
0.866	1	1	4	833
0.867	1	1	4	833
0.868	1	1	4	833
0.869	1	1	4	833
0.87	1	1	4	833
0.871	1	1	4	833
0.872	1	1	4	833
0.873	1	1	4	833
0.874	1	1	4	833
0.875	1	1	4	833
0.876	1	1	4	833
0.877	1	1	4	833
0.878	1	1	4	833
0.879	1	1	4	833
0.88	1	1	4	833
0.881	1	1	4	833
0.882	1	1	4	833
0.883	1	1	4	833
0.884	1	1	4	833
0.885	1	1	4	833
0.886	1	1	4	833
0.887	1	1	4	833
0.888	1	1	4	833
0.889	1	1	4	833
0.89	1	1	4	833
0.891	1	1	4	833
0.892	1	1	4	833
0.893	1	1	4	833
0.894	1	1	4	833
0.895	1	1	4	833
0.896	1	1	4	833
0.897	1	1	4	833
0.898	1	1	4	833
0.899	1	1	4	833
0.9	1	1	4	833
0.901	1	1	4	833
0.902	1	1	4	833
0.903	1	1	4	833
0.904	1	1	4	833
0.905	1	1	4	833
0.906	1	1	4	833
0.907	1	1	4	833
0.908	1	1	4	833
0.909	1	1	4	833
0.91	1	1	4	833
0.911	1	1	4	833
0.912	1	1	4	833
0.913	1	1	4	833
0.914	1	1	4	833
0.915	1	1	4	833
0.916	1	1	4	833
0.917	1	1	4	833
0.918	1	1	4	833
0.919	1	1	4	833
0.92	1	1	4	833
0.921	1	1	4	833
0.922	1	1	4	833
0.923	1	1	4	833
0.924	1	1	4	833
0.925	1	1	4	833
0.926	1	1	4	833
0.927	1	1	4	833
0.928	1	1	4	833
0.929	1	1	4	833
0.93	1	1	4	833
0.931	1	1	4	833
0.932	1	1	4	833
0.933	1	1	4	833
0.934	1	1	4	833
0.935	1	1	4	833
0.936	1	1	4	763
0.937	1	1	4	833
0.938	1	1	4	833
0.939	1	1	4	833
0.94	1	1	4	833
0.941	1	1	4	833
0.942	1	1	4	833
0.943	1	1	4	833
0.944	1	1	4	833
0.945	1	1	4	833
0.946	1	1	4	833
0.947	1	1	4	833
0.948	1	1	4	833
0.949	1	1	4	833
0.95	1	1	4	833
0.951	1	1	4	833
0.952	1	1	4	833
0.953	1	1	4	833
0.954	1	1	4	833
0.955	1	1	4	833
0.956	1	1	4	833
0.957	1	1	4	833
0.958	1	1	4	833
0.959	1	1	4	833
0.96	1	1	4	833
0.961	1	1	4	833
0.962	1	1	4	833
0.963	1	1	4	833
0.964	1	1	4	833
0.965	1	1	4	833
0.966	1	1	4	833
0.967	1	1	4	833
0.968	1	1	4	833
0.969	1	1	4	833
0.97	1	1	4	833
0.971	1	1	4	833
0.972	1	1	4	833
0.973	1	1	4	833
0.974	1	1	4	833
0.975	1	1	4	833
0.976	1	1	4	833
0.977	1	1	4	833
0.978	1	1	4	833
0.979	1	1	4	833
0.98	1	1	4	833
0.981	1	1	4	833
0.982	1	1	4	833
0.983	1	1	4	833
0.984	1	1	4	833
0.985	1	1	4	833
0.986	1	1	4	833
0.987	1	1	4	833
0.988	1	1	4	833
0.989	1	1	4	833
0.99	1	1	4	833
0.991	1	1	4	833
0.992	1	1	4	833
0.993	1	1	4	833
0.994	1	1	4	833
0.995	1	1	4	833
0.996	1	1	4	833
0.997	1	1	4	833
0.998	1	1	4	833
0.999	1	1	4	833
