Time	direction	frame	subF	slot	1stSym	nSymbol	cellId	bwpId	rnti	tbSize	mcs	rank	rv	SINR(dB)	CQI	corrupt	TBler
0.403929	DL	40	3	0	1	12	1	0	1	416	0	1	0	53.6008	15	0	0
0.404929	DL	40	4	0	1	12	1	0	1	416	0	1	0	53.6008	15	0	0
0.405929	DL	40	5	0	1	12	1	0	1	416	0	1	0	53.6008	15	0	0
0.406929	DL	40	6	0	1	12	1	0	1	416	0	1	0	53.6008	15	0	0
0.407929	DL	40	7	0	1	12	1	0	1	416	0	1	0	53.6008	15	0	0
0.408929	DL	40	8	0	1	12	1	0	1	416	0	1	0	53.6008	15	0	0
0.409929	DL	40	9	0	1	12	1	0	1	836	0	2	0	56.6535	15	0	0
0.410929	DL	41	0	0	1	12	1	0	1	836	0	2	0	56.6535	15	0	0
0.411929	DL	41	1	0	1	12	1	0	1	836	0	2	0	56.6535	15	0	0
0.412929	DL	41	2	0	1	12	1	0	1	836	0	2	0	56.6535	15	0	0
0.413929	DL	41	3	0	1	12	1	0	1	836	0	2	0	56.6535	15	0	0
0.414929	DL	41	4	0	1	12	1	0	1	836	0	2	0	56.6535	15	0	0
0.415929	DL	41	5	0	1	12	1	0	1	836	0	2	0	50.6659	15	0	0
0.416929	DL	41	6	0	1	12	1	0	1	836	0	2	0	50.6659	15	0	0
0.417929	DL	41	7	0	1	12	1	0	1	836	0	2	0	50.6659	15	0	0
0.418929	DL	41	8	0	1	12	1	0	1	836	0	2	0	50.6659	15	0	0
0.419929	DL	41	9	0	1	12	1	0	1	836	0	2	0	50.6659	15	0	0
0.420929	DL	42	0	0	1	12	1	0	1	836	0	2	0	50.6659	15	0	0
0.421929	DL	42	1	0	1	12	1	0	1	836	0	2	0	50.6659	15	0	0
0.422929	DL	42	2	0	1	12	1	0	1	836	0	2	0	50.6659	15	0	0
0.423929	DL	42	3	0	1	12	1	0	1	836	0	2	0	50.6659	15	0	0
0.424929	DL	42	4	0	1	12	1	0	1	836	0	2	0	50.6659	15	0	0
0.425929	DL	42	5	0	1	12	1	0	1	836	0	2	0	50.6659	15	0	0
0.426929	DL	42	6	0	1	12	1	0	1	836	0	2	0	50.6659	15	0	0
0.427929	DL	42	7	0	1	12	1	0	1	836	0	2	0	50.6659	15	0	0
0.428929	DL	42	8	0	1	12	1	0	1	836	0	2	0	50.6659	15	0	0
0.429929	DL	42	9	0	1	12	1	0	1	836	0	2	0	50.6659	15	0	0
0.430929	DL	43	0	0	1	12	1	0	1	836	0	2	0	50.6659	15	0	0
0.431929	DL	43	1	0	1	12	1	0	1	836	0	2	0	50.6659	15	0	0
0.432929	DL	43	2	0	1	12	1	0	1	836	0	2	0	50.6659	15	0	0
0.433929	DL	43	3	0	1	12	1	0	1	836	0	2	0	50.6659	15	0	0
0.434929	DL	43	4	0	1	12	1	0	1	836	0	2	0	50.6659	15	0	0
0.435929	DL	43	5	0	1	12	1	0	1	836	0	2	0	50.6659	15	0	0
0.436929	DL	43	6	0	1	12	1	0	1	836	0	2	0	50.6659	15	0	0
0.437929	DL	43	7	0	1	12	1	0	1	836	0	2	0	50.6659	15	0	0
0.438929	DL	43	8	0	1	12	1	0	1	836	0	2	0	50.6659	15	0	0
0.439929	DL	43	9	0	1	12	1	0	1	836	0	2	0	50.6659	15	0	0
0.440929	DL	44	0	0	1	12	1	0	1	836	0	2	0	50.6659	15	0	0
0.441929	DL	44	1	0	1	12	1	0	1	836	0	2	0	50.6659	15	0	0
0.442929	DL	44	2	0	1	12	1	0	1	836	0	2	0	50.6659	15	0	0
0.443929	DL	44	3	0	1	12	1	0	1	836	0	2	0	50.6659	15	0	0
0.444929	DL	44	4	0	1	12	1	0	1	836	0	2	0	50.6659	15	0	0
0.445929	DL	44	5	0	1	12	1	0	1	836	0	2	0	50.6659	15	0	0
0.446929	DL	44	6	0	1	12	1	0	1	836	0	2	0	50.6659	15	0	0
0.447929	DL	44	7	0	1	12	1	0	1	836	0	2	0	50.6659	15	0	0
0.448929	DL	44	8	0	1	12	1	0	1	836	0	2	0	50.6659	15	0	0
0.449929	DL	44	9	0	1	12	1	0	1	836	0	2	0	50.6659	15	0	0
0.450929	DL	45	0	0	1	12	1	0	1	836	0	2	0	50.6659	15	0	0
0.451929	DL	45	1	0	1	12	1	0	1	836	0	2	0	50.6659	15	0	0
0.452929	DL	45	2	0	1	12	1	0	1	836	0	2	0	50.6659	15	0	0
0.453929	DL	45	3	0	1	12	1	0	1	836	0	2	0	50.6659	15	0	0
0.454929	DL	45	4	0	1	12	1	0	1	836	0	2	0	50.6659	15	0	0
0.455929	DL	45	5	0	1	12	1	0	1	836	0	2	0	50.6659	15	0	0
0.456929	DL	45	6	0	1	12	1	0	1	836	0	2	0	50.6659	15	0	0
0.457929	DL	45	7	0	1	12	1	0	1	836	0	2	0	50.6659	15	0	0
0.458857	DL	45	8	0	1	11	1	0	1	766	0	2	0	50.6659	15	0	0
0.459929	DL	45	9	0	1	12	1	0	1	836	0	2	0	50.6659	15	0	0
0.460929	DL	46	0	0	1	12	1	0	1	836	0	2	0	50.6659	15	0	0
0.461929	DL	46	1	0	1	12	1	0	1	836	0	2	0	50.6659	15	0	0
0.462929	DL	46	2	0	1	12	1	0	1	836	0	2	0	50.6659	15	0	0
0.463929	DL	46	3	0	1	12	1	0	1	836	0	2	0	50.6659	15	0	0
0.464929	DL	46	4	0	1	12	1	0	1	836	0	2	0	50.6659	15	0	0
0.465929	DL	46	5	0	1	12	1	0	1	836	0	2	0	50.6659	15	0	0
0.466929	DL	46	6	0	1	12	1	0	1	836	0	2	0	50.6659	15	0	0
0.467929	DL	46	7	0	1	12	1	0	1	836	0	2	0	50.6659	15	0	0
0.468929	DL	46	8	0	1	12	1	0	1	836	0	2	0	50.6659	15	0	0
0.469929	DL	46	9	0	1	12	1	0	1	836	0	2	0	50.6659	15	0	0
0.470929	DL	47	0	0	1	12	1	0	1	836	0	2	0	50.6659	15	0	0
0.471929	DL	47	1	0	1	12	1	0	1	836	0	2	0	50.6659	15	0	0
0.472929	DL	47	2	0	1	12	1	0	1	836	0	2	0	50.6659	15	0	0
0.473929	DL	47	3	0	1	12	1	0	1	836	0	2	0	50.6659	15	0	0
0.474929	DL	47	4	0	1	12	1	0	1	836	0	2	0	50.6659	15	0	0
0.475929	DL	47	5	0	1	12	1	0	1	836	0	2	0	50.6659	15	0	0
0.476929	DL	47	6	0	1	12	1	0	1	836	0	2	0	50.6659	15	0	0
0.477929	DL	47	7	0	1	12	1	0	1	836	0	2	0	50.6659	15	0	0
0.478929	DL	47	8	0	1	12	1	0	1	836	0	2	0	50.6659	15	0	0
0.479929	DL	47	9	0	1	12	1	0	1	836	0	2	0	50.6659	15	0	0
0.480929	DL	48	0	0	1	12	1	0	1	836	0	2	0	50.6659	15	0	0
0.481929	DL	48	1	0	1	12	1	0	1	836	0	2	0	50.6659	15	0	0
0.482929	DL	48	2	0	1	12	1	0	1	836	0	2	0	50.6659	15	0	0
0.483929	DL	48	3	0	1	12	1	0	1	836	0	2	0	50.6659	15	0	0
0.484929	DL	48	4	0	1	12	1	0	1	836	0	2	0	50.6659	15	0	0
0.485929	DL	48	5	0	1	12	1	0	1	836	0	2	0	50.6659	15	0	0
0.486929	DL	48	6	0	1	12	1	0	1	836	0	2	0	50.6659	15	0	0
0.487929	DL	48	7	0	1	12	1	0	1	836	0	2	0	50.6659	15	0	0
0.488929	DL	48	8	0	1	12	1	0	1	836	0	2	0	50.6659	15	0	0
0.489929	DL	48	9	0	1	12	1	0	1	836	0	2	0	50.6659	15	0	0
0.490929	DL	49	0	0	1	12	1	0	1	836	0	2	0	50.6659	15	0	0
0.491929	DL	49	1	0	1	12	1	0	1	836	0	2	0	50.6659	15	0	0
0.492929	DL	49	2	0	1	12	1	0	1	836	0	2	0	50.6659	15	0	0
0.493929	DL	49	3	0	1	12	1	0	1	836	0	2	0	50.6659	15	0	0
0.494929	DL	49	4	0	1	12	1	0	1	836	0	2	0	50.6659	15	0	0
0.495929	DL	49	5	0	1	12	1	0	1	836	0	2	0	50.6659	15	0	0
0.496929	DL	49	6	0	1	12	1	0	1	836	0	2	0	50.6659	15	0	0
0.497929	DL	49	7	0	1	12	1	0	1	836	0	2	0	50.6659	15	0	0
0.498929	DL	49	8	0	1	12	1	0	1	836	0	2	0	50.6659	15	0	0
0.499929	DL	49	9	0	1	12	1	0	1	836	0	2	0	50.6659	15	0	0
0.500929	DL	50	0	0	1	12	1	0	1	836	0	2	0	50.6659	15	0	0
0.501929	DL	50	1	0	1	12	1	0	1	836	0	2	0	50.6659	15	0	0
0.502929	DL	50	2	0	1	12	1	0	1	836	0	2	0	50.6659	15	0	0
0.503929	DL	50	3	0	1	12	1	0	1	836	0	2	0	50.6659	15	0	0
0.504929	DL	50	4	0	1	12	1	0	1	836	0	2	0	50.6659	15	0	0
0.505929	DL	50	5	0	1	12	1	0	1	836	0	2	0	50.6659	15	0	0
0.506929	DL	50	6	0	1	12	1	0	1	836	0	2	0	50.6659	15	0	0
0.507929	DL	50	7	0	1	12	1	0	1	836	0	2	0	50.6659	15	0	0
0.508929	DL	50	8	0	1	12	1	0	1	836	0	2	0	50.6659	15	0	0
0.509929	DL	50	9	0	1	12	1	0	1	836	0	2	0	50.6659	15	0	0
0.510929	DL	51	0	0	1	12	1	0	1	836	0	2	0	50.6659	15	0	0
0.511929	DL	51	1	0	1	12	1	0	1	836	0	2	0	50.6659	15	0	0
0.512929	DL	51	2	0	1	12	1	0	1	836	0	2	0	50.6659	15	0	0
0.513929	DL	51	3	0	1	12	1	0	1	836	0	2	0	50.6659	15	0	0
0.514929	DL	51	4	0	1	12	1	0	1	836	0	2	0	50.6659	15	0	0
0.515929	DL	51	5	0	1	12	1	0	1	836	0	2	0	50.6659	15	0	0
0.516929	DL	51	6	0	1	12	1	0	1	836	0	2	0	61.374	15	0	0
0.517929	DL	51	7	0	1	12	1	0	1	836	0	2	0	61.374	15	0	0
0.518929	DL	51	8	0	1	12	1	0	1	836	0	2	0	61.374	15	0	0
0.519929	DL	51	9	0	1	12	1	0	1	836	0	2	0	61.374	15	0	0
0.520929	DL	52	0	0	1	12	1	0	1	836	0	2	0	61.374	15	0	0
0.521929	DL	52	1	0	1	12	1	0	1	836	0	2	0	61.374	15	0	0
0.522929	DL	52	2	0	1	12	1	0	1	836	0	2	0	61.374	15	0	0
0.523929	DL	52	3	0	1	12	1	0	1	836	0	2	0	61.374	15	0	0
0.524929	DL	52	4	0	1	12	1	0	1	836	0	2	0	61.374	15	0	0
0.525929	DL	52	5	0	1	12	1	0	1	836	0	2	0	61.374	15	0	0
0.526929	DL	52	6	0	1	12	1	0	1	836	0	2	0	61.374	15	0	0
0.527929	DL	52	7	0	1	12	1	0	1	836	0	2	0	61.374	15	0	0
0.528929	DL	52	8	0	1	12	1	0	1	836	0	2	0	61.374	15	0	0
0.529929	DL	52	9	0	1	12	1	0	1	836	0	2	0	61.374	15	0	0
0.530929	DL	53	0	0	1	12	1	0	1	836	0	2	0	61.374	15	0	0
0.531929	DL	53	1	0	1	12	1	0	1	836	0	2	0	61.374	15	0	0
0.532929	DL	53	2	0	1	12	1	0	1	836	0	2	0	61.374	15	0	0
0.533929	DL	53	3	0	1	12	1	0	1	836	0	2	0	61.374	15	0	0
0.534929	DL	53	4	0	1	12	1	0	1	836	0	2	0	61.374	15	0	0
0.535929	DL	53	5	0	1	12	1	0	1	836	0	2	0	61.374	15	0	0
0.536929	DL	53	6	0	1	12	1	0	1	836	0	2	0	61.374	15	0	0
0.537929	DL	53	7	0	1	12	1	0	1	836	0	2	0	61.374	15	0	0
0.538857	DL	53	8	0	1	11	1	0	1	766	0	2	0	61.374	15	0	0
0.539929	DL	53	9	0	1	12	1	0	1	836	0	2	0	61.374	15	0	0
0.540929	DL	54	0	0	1	12	1	0	1	836	0	2	0	61.374	15	0	0
0.541929	DL	54	1	0	1	12	1	0	1	836	0	2	0	61.374	15	0	0
0.542929	DL	54	2	0	1	12	1	0	1	836	0	2	0	61.374	15	0	0
0.543929	DL	54	3	0	1	12	1	0	1	836	0	2	0	61.374	15	0	0
0.544929	DL	54	4	0	1	12	1	0	1	836	0	2	0	61.374	15	0	0
0.545929	DL	54	5	0	1	12	1	0	1	836	0	2	0	61.374	15	0	0
0.546929	DL	54	6	0	1	12	1	0	1	836	0	2	0	61.374	15	0	0
0.547929	DL	54	7	0	1	12	1	0	1	836	0	2	0	61.374	15	0	0
0.548929	DL	54	8	0	1	12	1	0	1	836	0	2	0	61.374	15	0	0
0.549929	DL	54	9	0	1	12	1	0	1	836	0	2	0	61.374	15	0	0
0.550929	DL	55	0	0	1	12	1	0	1	836	0	2	0	61.374	15	0	0
0.551929	DL	55	1	0	1	12	1	0	1	836	0	2	0	61.374	15	0	0
0.552929	DL	55	2	0	1	12	1	0	1	836	0	2	0	61.374	15	0	0
0.553929	DL	55	3	0	1	12	1	0	1	836	0	2	0	61.374	15	0	0
0.554929	DL	55	4	0	1	12	1	0	1	836	0	2	0	61.374	15	0	0
0.555929	DL	55	5	0	1	12	1	0	1	836	0	2	0	61.374	15	0	0
0.556929	DL	55	6	0	1	12	1	0	1	836	0	2	0	61.374	15	0	0
0.557929	DL	55	7	0	1	12	1	0	1	836	0	2	0	61.374	15	0	0
0.558929	DL	55	8	0	1	12	1	0	1	836	0	2	0	61.374	15	0	0
0.559929	DL	55	9	0	1	12	1	0	1	836	0	2	0	61.374	15	0	0
0.560929	DL	56	0	0	1	12	1	0	1	836	0	2	0	61.374	15	0	0
0.561929	DL	56	1	0	1	12	1	0	1	836	0	2	0	61.374	15	0	0
0.562929	DL	56	2	0	1	12	1	0	1	836	0	2	0	61.374	15	0	0
0.563929	DL	56	3	0	1	12	1	0	1	836	0	2	0	61.374	15	0	0
0.564929	DL	56	4	0	1	12	1	0	1	836	0	2	0	61.374	15	0	0
0.565929	DL	56	5	0	1	12	1	0	1	836	0	2	0	61.374	15	0	0
0.566929	DL	56	6	0	1	12	1	0	1	836	0	2	0	61.374	15	0	0
0.567929	DL	56	7	0	1	12	1	0	1	836	0	2	0	61.374	15	0	0
0.568929	DL	56	8	0	1	12	1	0	1	836	0	2	0	61.374	15	0	0
0.569929	DL	56	9	0	1	12	1	0	1	836	0	2	0	61.374	15	0	0
0.570929	DL	57	0	0	1	12	1	0	1	836	0	2	0	61.374	15	0	0
0.571929	DL	57	1	0	1	12	1	0	1	836	0	2	0	61.374	15	0	0
0.572929	DL	57	2	0	1	12	1	0	1	836	0	2	0	61.374	15	0	0
0.573929	DL	57	3	0	1	12	1	0	1	836	0	2	0	61.374	15	0	0
0.574929	DL	57	4	0	1	12	1	0	1	836	0	2	0	61.374	15	0	0
0.575929	DL	57	5	0	1	12	1	0	1	836	0	2	0	61.374	15	0	0
0.576929	DL	57	6	0	1	12	1	0	1	836	0	2	0	61.374	15	0	0
0.577929	DL	57	7	0	1	12	1	0	1	836	0	2	0	61.374	15	0	0
0.578929	DL	57	8	0	1	12	1	0	1	836	0	2	0	61.374	15	0	0
0.579929	DL	57	9	0	1	12	1	0	1	836	0	2	0	61.374	15	0	0
0.580929	DL	58	0	0	1	12	1	0	1	836	0	2	0	61.374	15	0	0
0.581929	DL	58	1	0	1	12	1	0	1	836	0	2	0	61.374	15	0	0
0.582929	DL	58	2	0	1	12	1	0	1	836	0	2	0	61.374	15	0	0
0.583929	DL	58	3	0	1	12	1	0	1	836	0	2	0	61.374	15	0	0
0.584929	DL	58	4	0	1	12	1	0	1	836	0	2	0	61.374	15	0	0
0.585929	DL	58	5	0	1	12	1	0	1	836	0	2	0	61.374	15	0	0
0.586929	DL	58	6	0	1	12	1	0	1	836	0	2	0	61.374	15	0	0
0.587929	DL	58	7	0	1	12	1	0	1	836	0	2	0	61.374	15	0	0
0.588929	DL	58	8	0	1	12	1	0	1	836	0	2	0	61.374	15	0	0
0.589929	DL	58	9	0	1	12	1	0	1	836	0	2	0	61.374	15	0	0
0.590929	DL	59	0	0	1	12	1	0	1	836	0	2	0	61.374	15	0	0
0.591929	DL	59	1	0	1	12	1	0	1	836	0	2	0	61.374	15	0	0
0.592929	DL	59	2	0	1	12	1	0	1	836	0	2	0	61.374	15	0	0
0.593929	DL	59	3	0	1	12	1	0	1	836	0	2	0	61.374	15	0	0
0.594929	DL	59	4	0	1	12	1	0	1	836	0	2	0	61.374	15	0	0
0.595929	DL	59	5	0	1	12	1	0	1	836	0	2	0	61.374	15	0	0
0.596929	DL	59	6	0	1	12	1	0	1	836	0	2	0	61.374	15	0	0
0.597929	DL	59	7	0	1	12	1	0	1	836	0	2	0	61.374	15	0	0
0.598929	DL	59	8	0	1	12	1	0	1	836	0	2	0	61.374	15	0	0
0.599929	DL	59	9	0	1	12	1	0	1	836	0	2	0	61.374	15	0	0
0.600929	DL	60	0	0	1	12	1	0	1	836	0	2	0	61.374	15	0	0
0.601929	DL	60	1	0	1	12	1	0	1	836	0	2	0	61.374	15	0	0
0.602929	DL	60	2	0	1	12	1	0	1	836	0	2	0	61.374	15	0	0
0.603929	DL	60	3	0	1	12	1	0	1	836	0	2	0	61.374	15	0	0
0.604929	DL	60	4	0	1	12	1	0	1	836	0	2	0	61.374	15	0	0
0.605929	DL	60	5	0	1	12	1	0	1	836	0	2	0	61.374	15	0	0
0.606929	DL	60	6	0	1	12	1	0	1	836	0	2	0	61.374	15	0	0
0.607929	DL	60	7	0	1	12	1	0	1	836	0	2	0	61.374	15	0	0
0.608929	DL	60	8	0	1	12	1	0	1	836	0	2	0	61.374	15	0	0
0.609929	DL	60	9	0	1	12	1	0	1	836	0	2	0	61.374	15	0	0
0.610929	DL	61	0	0	1	12	1	0	1	836	0	2	0	61.374	15	0	0
0.611929	DL	61	1	0	1	12	1	0	1	836	0	2	0	61.374	15	0	0
0.612929	DL	61	2	0	1	12	1	0	1	836	0	2	0	61.374	15	0	0
0.613929	DL	61	3	0	1	12	1	0	1	836	0	2	0	61.374	15	0	0
0.614929	DL	61	4	0	1	12	1	0	1	836	0	2	0	61.374	15	0	0
0.615929	DL	61	5	0	1	12	1	0	1	836	0	2	0	61.374	15	0	0
0.616929	DL	61	6	0	1	12	1	0	1	836	0	2	0	49.804	15	0	0
0.617929	DL	61	7	0	1	12	1	0	1	836	0	2	0	49.804	15	0	0
0.618857	DL	61	8	0	1	11	1	0	1	766	0	2	0	49.804	15	0	0
0.619929	DL	61	9	0	1	12	1	0	1	836	0	2	0	49.804	15	0	0
0.620929	DL	62	0	0	1	12	1	0	1	836	0	2	0	49.804	15	0	0
0.621929	DL	62	1	0	1	12	1	0	1	836	0	2	0	49.804	15	0	0
0.622929	DL	62	2	0	1	12	1	0	1	836	0	2	0	49.804	15	0	0
0.623929	DL	62	3	0	1	12	1	0	1	836	0	2	0	49.804	15	0	0
0.624929	DL	62	4	0	1	12	1	0	1	836	0	2	0	49.804	15	0	0
0.625929	DL	62	5	0	1	12	1	0	1	836	0	2	0	49.804	15	0	0
0.626929	DL	62	6	0	1	12	1	0	1	836	0	2	0	49.804	15	0	0
0.627929	DL	62	7	0	1	12	1	0	1	836	0	2	0	49.804	15	0	0
0.628929	DL	62	8	0	1	12	1	0	1	836	0	2	0	49.804	15	0	0
0.629929	DL	62	9	0	1	12	1	0	1	836	0	2	0	49.804	15	0	0
0.630929	DL	63	0	0	1	12	1	0	1	836	0	2	0	49.804	15	0	0
0.631929	DL	63	1	0	1	12	1	0	1	836	0	2	0	49.804	15	0	0
0.632929	DL	63	2	0	1	12	1	0	1	836	0	2	0	49.804	15	0	0
0.633929	DL	63	3	0	1	12	1	0	1	836	0	2	0	49.804	15	0	0
0.634929	DL	63	4	0	1	12	1	0	1	836	0	2	0	49.804	15	0	0
0.635929	DL	63	5	0	1	12	1	0	1	836	0	2	0	49.804	15	0	0
0.636929	DL	63	6	0	1	12	1	0	1	836	0	2	0	49.804	15	0	0
0.637929	DL	63	7	0	1	12	1	0	1	836	0	2	0	49.804	15	0	0
0.638929	DL	63	8	0	1	12	1	0	1	836	0	2	0	49.804	15	0	0
0.639929	DL	63	9	0	1	12	1	0	1	836	0	2	0	49.804	15	0	0
0.640929	DL	64	0	0	1	12	1	0	1	836	0	2	0	49.804	15	0	0
0.641929	DL	64	1	0	1	12	1	0	1	836	0	2	0	49.804	15	0	0
0.642929	DL	64	2	0	1	12	1	0	1	836	0	2	0	49.804	15	0	0
0.643929	DL	64	3	0	1	12	1	0	1	836	0	2	0	49.804	15	0	0
0.644929	DL	64	4	0	1	12	1	0	1	836	0	2	0	49.804	15	0	0
0.645929	DL	64	5	0	1	12	1	0	1	836	0	2	0	49.804	15	0	0
0.646929	DL	64	6	0	1	12	1	0	1	836	0	2	0	49.804	15	0	0
0.647929	DL	64	7	0	1	12	1	0	1	836	0	2	0	49.804	15	0	0
0.648929	DL	64	8	0	1	12	1	0	1	836	0	2	0	49.804	15	0	0
0.649929	DL	64	9	0	1	12	1	0	1	836	0	2	0	49.804	15	0	0
0.650929	DL	65	0	0	1	12	1	0	1	836	0	2	0	49.804	15	0	0
0.651929	DL	65	1	0	1	12	1	0	1	836	0	2	0	49.804	15	0	0
0.652929	DL	65	2	0	1	12	1	0	1	836	0	2	0	49.804	15	0	0
0.653929	DL	65	3	0	1	12	1	0	1	836	0	2	0	49.804	15	0	0
0.654929	DL	65	4	0	1	12	1	0	1	836	0	2	0	49.804	15	0	0
0.655929	DL	65	5	0	1	12	1	0	1	836	0	2	0	49.804	15	0	0
0.656929	DL	65	6	0	1	12	1	0	1	836	0	2	0	49.804	15	0	0
0.657929	DL	65	7	0	1	12	1	0	1	836	0	2	0	49.804	15	0	0
0.658929	DL	65	8	0	1	12	1	0	1	836	0	2	0	49.804	15	0	0
0.659929	DL	65	9	0	1	12	1	0	1	836	0	2	0	49.804	15	0	0
0.660929	DL	66	0	0	1	12	1	0	1	836	0	2	0	49.804	15	0	0
0.661929	DL	66	1	0	1	12	1	0	1	836	0	2	0	49.804	15	0	0
0.662929	DL	66	2	0	1	12	1	0	1	836	0	2	0	49.804	15	0	0
0.663929	DL	66	3	0	1	12	1	0	1	836	0	2	0	49.804	15	0	0
0.664929	DL	66	4	0	1	12	1	0	1	836	0	2	0	49.804	15	0	0
0.665929	DL	66	5	0	1	12	1	0	1	836	0	2	0	49.804	15	0	0
0.666929	DL	66	6	0	1	12	1	0	1	836	0	2	0	49.804	15	0	0
0.667929	DL	66	7	0	1	12	1	0	1	836	0	2	0	49.804	15	0	0
0.668929	DL	66	8	0	1	12	1	0	1	836	0	2	0	49.804	15	0	0
0.669929	DL	66	9	0	1	12	1	0	1	836	0	2	0	49.804	15	0	0
0.670929	DL	67	0	0	1	12	1	0	1	836	0	2	0	49.804	15	0	0
0.671929	DL	67	1	0	1	12	1	0	1	836	0	2	0	49.804	15	0	0
0.672929	DL	67	2	0	1	12	1	0	1	836	0	2	0	49.804	15	0	0
0.673929	DL	67	3	0	1	12	1	0	1	836	0	2	0	49.804	15	0	0
0.674929	DL	67	4	0	1	12	1	0	1	836	0	2	0	49.804	15	0	0
0.675929	DL	67	5	0	1	12	1	0	1	836	0	2	0	49.804	15	0	0
0.676929	DL	67	6	0	1	12	1	0	1	836	0	2	0	49.804	15	0	0
0.677929	DL	67	7	0	1	12	1	0	1	836	0	2	0	49.804	15	0	0
0.678929	DL	67	8	0	1	12	1	0	1	836	0	2	0	49.804	15	0	0
0.679929	DL	67	9	0	1	12	1	0	1	836	0	2	0	49.804	15	0	0
0.680929	DL	68	0	0	1	12	1	0	1	836	0	2	0	49.804	15	0	0
0.681929	DL	68	1	0	1	12	1	0	1	836	0	2	0	49.804	15	0	0
0.682929	DL	68	2	0	1	12	1	0	1	836	0	2	0	49.804	15	0	0
0.683929	DL	68	3	0	1	12	1	0	1	836	0	2	0	49.804	15	0	0
0.684929	DL	68	4	0	1	12	1	0	1	836	0	2	0	49.804	15	0	0
0.685929	DL	68	5	0	1	12	1	0	1	836	0	2	0	49.804	15	0	0
0.686929	DL	68	6	0	1	12	1	0	1	836	0	2	0	49.804	15	0	0
0.687929	DL	68	7	0	1	12	1	0	1	836	0	2	0	49.804	15	0	0
0.688929	DL	68	8	0	1	12	1	0	1	836	0	2	0	49.804	15	0	0
0.689929	DL	68	9	0	1	12	1	0	1	836	0	2	0	49.804	15	0	0
0.690929	DL	69	0	0	1	12	1	0	1	836	0	2	0	49.804	15	0	0
0.691929	DL	69	1	0	1	12	1	0	1	836	0	2	0	49.804	15	0	0
0.692929	DL	69	2	0	1	12	1	0	1	836	0	2	0	49.804	15	0	0
0.693929	DL	69	3	0	1	12	1	0	1	836	0	2	0	49.804	15	0	0
0.694929	DL	69	4	0	1	12	1	0	1	836	0	2	0	49.804	15	0	0
0.695929	DL	69	5	0	1	12	1	0	1	836	0	2	0	49.804	15	0	0
0.696929	DL	69	6	0	1	12	1	0	1	836	0	2	0	49.804	15	0	0
0.697929	DL	69	7	0	1	12	1	0	1	836	0	2	0	49.804	15	0	0
0.698857	DL	69	8	0	1	11	1	0	1	766	0	2	0	49.804	15	0	0
0.699929	DL	69	9	0	1	12	1	0	1	836	0	2	0	49.804	15	0	0
0.700929	DL	70	0	0	1	12	1	0	1	836	0	2	0	49.804	15	0	0
0.701929	DL	70	1	0	1	12	1	0	1	836	0	2	0	49.804	15	0	0
0.702929	DL	70	2	0	1	12	1	0	1	836	0	2	0	49.804	15	0	0
0.703929	DL	70	3	0	1	12	1	0	1	836	0	2	0	49.804	15	0	0
0.704929	DL	70	4	0	1	12	1	0	1	836	0	2	0	49.804	15	0	0
0.705929	DL	70	5	0	1	12	1	0	1	836	0	2	0	49.804	15	0	0
0.706929	DL	70	6	0	1	12	1	0	1	836	0	2	0	49.804	15	0	0
0.707929	DL	70	7	0	1	12	1	0	1	836	0	2	0	49.804	15	0	0
0.708929	DL	70	8	0	1	12	1	0	1	836	0	2	0	49.804	15	0	0
0.709929	DL	70	9	0	1	12	1	0	1	836	0	2	0	49.804	15	0	0
0.710929	DL	71	0	0	1	12	1	0	1	836	0	2	0	49.804	15	0	0
0.711929	DL	71	1	0	1	12	1	0	1	836	0	2	0	49.804	15	0	0
0.712929	DL	71	2	0	1	12	1	0	1	836	0	2	0	49.804	15	0	0
0.713929	DL	71	3	0	1	12	1	0	1	836	0	2	0	49.804	15	0	0
0.714929	DL	71	4	0	1	12	1	0	1	836	0	2	0	49.804	15	0	0
0.715929	DL	71	5	0	1	12	1	0	1	836	0	2	0	49.804	15	0	0
0.716929	DL	71	6	0	1	12	1	0	1	836	0	2	0	45.6964	15	0	0
0.717929	DL	71	7	0	1	12	1	0	1	836	0	2	0	45.6964	15	0	0
0.718929	DL	71	8	0	1	12	1	0	1	836	0	2	0	45.6964	15	0	0
0.719929	DL	71	9	0	1	12	1	0	1	836	0	2	0	45.6964	15	0	0
0.720929	DL	72	0	0	1	12	1	0	1	836	0	2	0	45.6964	15	0	0
0.721929	DL	72	1	0	1	12	1	0	1	836	0	2	0	45.6964	15	0	0
0.722929	DL	72	2	0	1	12	1	0	1	416	0	1	0	48.7034	15	0	0
0.723929	DL	72	3	0	1	12	1	0	1	416	0	1	0	48.7034	15	0	0
0.724929	DL	72	4	0	1	12	1	0	1	416	0	1	0	48.7034	15	0	0
0.725929	DL	72	5	0	1	12	1	0	1	416	0	1	0	48.7034	15	0	0
0.726929	DL	72	6	0	1	12	1	0	1	416	0	1	0	48.7034	15	0	0
0.727929	DL	72	7	0	1	12	1	0	1	416	0	1	0	48.7034	15	0	0
0.728929	DL	72	8	0	1	12	1	0	1	416	0	1	0	48.7034	15	0	0
0.729929	DL	72	9	0	1	12	1	0	1	416	0	1	0	48.7034	15	0	0
0.730929	DL	73	0	0	1	12	1	0	1	416	0	1	0	48.7034	15	0	0
0.731929	DL	73	1	0	1	12	1	0	1	416	0	1	0	48.7034	15	0	0
0.732929	DL	73	2	0	1	12	1	0	1	416	0	1	0	48.7034	15	0	0
0.733929	DL	73	3	0	1	12	1	0	1	416	0	1	0	48.7034	15	0	0
0.734929	DL	73	4	0	1	12	1	0	1	416	0	1	0	48.7034	15	0	0
0.735929	DL	73	5	0	1	12	1	0	1	416	0	1	0	48.7034	15	0	0
0.736929	DL	73	6	0	1	12	1	0	1	416	0	1	0	48.7034	15	0	0
0.737929	DL	73	7	0	1	12	1	0	1	416	0	1	0	48.7034	15	0	0
0.738929	DL	73	8	0	1	12	1	0	1	416	0	1	0	48.7034	15	0	0
0.739929	DL	73	9	0	1	12	1	0	1	416	0	1	0	48.7034	15	0	0
0.740929	DL	74	0	0	1	12	1	0	1	416	0	1	0	48.7034	15	0	0
0.741929	DL	74	1	0	1	12	1	0	1	416	0	1	0	48.7034	15	0	0
0.742929	DL	74	2	0	1	12	1	0	1	416	0	1	0	48.7034	15	0	0
0.743929	DL	74	3	0	1	12	1	0	1	416	0	1	0	48.7034	15	0	0
0.744929	DL	74	4	0	1	12	1	0	1	416	0	1	0	48.7034	15	0	0
0.745929	DL	74	5	0	1	12	1	0	1	416	0	1	0	48.7034	15	0	0
0.746929	DL	74	6	0	1	12	1	0	1	416	0	1	0	48.7034	15	0	0
0.747929	DL	74	7	0	1	12	1	0	1	416	0	1	0	48.7034	15	0	0
0.748929	DL	74	8	0	1	12	1	0	1	416	0	1	0	48.7034	15	0	0
0.749929	DL	74	9	0	1	12	1	0	1	416	0	1	0	48.7034	15	0	0
0.750929	DL	75	0	0	1	12	1	0	1	416	0	1	0	48.7034	15	0	0
0.751929	DL	75	1	0	1	12	1	0	1	416	0	1	0	48.7034	15	0	0
0.752929	DL	75	2	0	1	12	1	0	1	416	0	1	0	48.7034	15	0	0
0.753929	DL	75	3	0	1	12	1	0	1	416	0	1	0	48.7034	15	0	0
0.754929	DL	75	4	0	1	12	1	0	1	416	0	1	0	48.7034	15	0	0
0.755929	DL	75	5	0	1	12	1	0	1	416	0	1	0	48.7034	15	0	0
0.756929	DL	75	6	0	1	12	1	0	1	416	0	1	0	48.7034	15	0	0
0.757929	DL	75	7	0	1	12	1	0	1	416	0	1	0	48.7034	15	0	0
0.758929	DL	75	8	0	1	12	1	0	1	416	0	1	0	48.7034	15	0	0
0.759929	DL	75	9	0	1	12	1	0	1	416	0	1	0	48.7034	15	0	0
0.760929	DL	76	0	0	1	12	1	0	1	416	0	1	0	48.7034	15	0	0
0.761929	DL	76	1	0	1	12	1	0	1	416	0	1	0	48.7034	15	0	0
0.762929	DL	76	2	0	1	12	1	0	1	416	0	1	0	48.7034	15	0	0
0.763929	DL	76	3	0	1	12	1	0	1	416	0	1	0	48.7034	15	0	0
0.764929	DL	76	4	0	1	12	1	0	1	416	0	1	0	48.7034	15	0	0
0.765929	DL	76	5	0	1	12	1	0	1	416	0	1	0	48.7034	15	0	0
0.766929	DL	76	6	0	1	12	1	0	1	416	0	1	0	48.7034	15	0	0
0.767929	DL	76	7	0	1	12	1	0	1	416	0	1	0	48.7034	15	0	0
0.768929	DL	76	8	0	1	12	1	0	1	416	0	1	0	48.7034	15	0	0
0.769929	DL	76	9	0	1	12	1	0	1	416	0	1	0	48.7034	15	0	0
0.770929	DL	77	0	0	1	12	1	0	1	416	0	1	0	48.7034	15	0	0
0.771929	DL	77	1	0	1	12	1	0	1	416	0	1	0	48.7034	15	0	0
0.772929	DL	77	2	0	1	12	1	0	1	416	0	1	0	48.7034	15	0	0
0.773929	DL	77	3	0	1	12	1	0	1	416	0	1	0	48.7034	15	0	0
0.774929	DL	77	4	0	1	12	1	0	1	416	0	1	0	48.7034	15	0	0
0.775929	DL	77	5	0	1	12	1	0	1	416	0	1	0	48.7034	15	0	0
0.776929	DL	77	6	0	1	12	1	0	1	416	0	1	0	48.7034	15	0	0
0.777929	DL	77	7	0	1	12	1	0	1	416	0	1	0	48.7034	15	0	0
0.778857	DL	77	8	0	1	11	1	0	1	381	0	1	0	48.7034	15	0	0
0.779929	DL	77	9	0	1	12	1	0	1	416	0	1	0	48.7034	15	0	0
0.780929	DL	78	0	0	1	12	1	0	1	416	0	1	0	48.7034	15	0	0
0.781929	DL	78	1	0	1	12	1	0	1	416	0	1	0	48.7034	15	0	0
0.782929	DL	78	2	0	1	12	1	0	1	416	0	1	0	48.7034	15	0	0
0.783929	DL	78	3	0	1	12	1	0	1	416	0	1	0	48.7034	15	0	0
0.784929	DL	78	4	0	1	12	1	0	1	416	0	1	0	48.7034	15	0	0
0.785929	DL	78	5	0	1	12	1	0	1	416	0	1	0	48.7034	15	0	0
0.786929	DL	78	6	0	1	12	1	0	1	416	0	1	0	48.7034	15	0	0
0.787929	DL	78	7	0	1	12	1	0	1	416	0	1	0	48.7034	15	0	0
0.788929	DL	78	8	0	1	12	1	0	1	416	0	1	0	48.7034	15	0	0
0.789929	DL	78	9	0	1	12	1	0	1	416	0	1	0	48.7034	15	0	0
0.790929	DL	79	0	0	1	12	1	0	1	416	0	1	0	48.7034	15	0	0
0.791929	DL	79	1	0	1	12	1	0	1	416	0	1	0	48.7034	15	0	0
0.792929	DL	79	2	0	1	12	1	0	1	416	0	1	0	48.7034	15	0	0
0.793929	DL	79	3	0	1	12	1	0	1	416	0	1	0	48.7034	15	0	0
0.794929	DL	79	4	0	1	12	1	0	1	416	0	1	0	48.7034	15	0	0
0.795929	DL	79	5	0	1	12	1	0	1	416	0	1	0	48.7034	15	0	0
0.796929	DL	79	6	0	1	12	1	0	1	416	0	1	0	48.7034	15	0	0
0.797929	DL	79	7	0	1	12	1	0	1	416	0	1	0	48.7034	15	0	0
0.798929	DL	79	8	0	1	12	1	0	1	416	0	1	0	48.7034	15	0	0
0.799929	DL	79	9	0	1	12	1	0	1	416	0	1	0	48.7034	15	0	0
0.800929	DL	80	0	0	1	12	1	0	1	416	0	1	0	48.7034	15	0	0
0.801929	DL	80	1	0	1	12	1	0	1	416	0	1	0	48.7034	15	0	0
0.802929	DL	80	2	0	1	12	1	0	1	416	0	1	0	48.7034	15	0	0
0.803929	DL	80	3	0	1	12	1	0	1	416	0	1	0	48.7034	15	0	0
0.804929	DL	80	4	0	1	12	1	0	1	416	0	1	0	48.7034	15	0	0
0.805929	DL	80	5	0	1	12	1	0	1	416	0	1	0	48.7034	15	0	0
0.806929	DL	80	6	0	1	12	1	0	1	416	0	1	0	48.7034	15	0	0
0.807929	DL	80	7	0	1	12	1	0	1	416	0	1	0	48.7034	15	0	0
0.808929	DL	80	8	0	1	12	1	0	1	416	0	1	0	48.7034	15	0	0
0.809929	DL	80	9	0	1	12	1	0	1	416	0	1	0	48.7034	15	0	0
0.810929	DL	81	0	0	1	12	1	0	1	416	0	1	0	48.7034	15	0	0
0.811929	DL	81	1	0	1	12	1	0	1	416	0	1	0	48.7034	15	0	0
0.812929	DL	81	2	0	1	12	1	0	1	416	0	1	0	48.7034	15	0	0
0.813929	DL	81	3	0	1	12	1	0	1	416	0	1	0	48.7034	15	0	0
0.814929	DL	81	4	0	1	12	1	0	1	416	0	1	0	48.7034	15	0	0
0.815929	DL	81	5	0	1	12	1	0	1	416	0	1	0	48.7034	15	0	0
0.816929	DL	81	6	0	1	12	1	0	1	416	0	1	0	48.7034	15	0	0
0.817929	DL	81	7	0	1	12	1	0	1	416	0	1	0	59.4302	15	0	0
0.818929	DL	81	8	0	1	12	1	0	1	416	0	1	0	59.4302	15	0	0
0.819929	DL	81	9	0	1	12	1	0	1	416	0	1	0	59.4302	15	0	0
0.820929	DL	82	0	0	1	12	1	0	1	416	0	1	0	59.4302	15	0	0
0.821929	DL	82	1	0	1	12	1	0	1	416	0	1	0	59.4302	15	0	0
0.822929	DL	82	2	0	1	12	1	0	1	416	0	1	0	59.4302	15	0	0
0.823929	DL	82	3	0	1	12	1	0	1	836	0	2	0	56.4279	15	0	0
0.824929	DL	82	4	0	1	12	1	0	1	836	0	2	0	56.4279	15	0	0
0.825929	DL	82	5	0	1	12	1	0	1	836	0	2	0	56.4279	15	0	0
0.826929	DL	82	6	0	1	12	1	0	1	836	0	2	0	56.4279	15	0	0
0.827929	DL	82	7	0	1	12	1	0	1	836	0	2	0	56.4279	15	0	0
0.828929	DL	82	8	0	1	12	1	0	1	836	0	2	0	56.4279	15	0	0
0.829929	DL	82	9	0	1	12	1	0	1	836	0	2	0	56.4279	15	0	0
0.830929	DL	83	0	0	1	12	1	0	1	836	0	2	0	56.4279	15	0	0
0.831929	DL	83	1	0	1	12	1	0	1	836	0	2	0	56.4279	15	0	0
0.832929	DL	83	2	0	1	12	1	0	1	836	0	2	0	56.4279	15	0	0
0.833929	DL	83	3	0	1	12	1	0	1	836	0	2	0	56.4279	15	0	0
0.834929	DL	83	4	0	1	12	1	0	1	836	0	2	0	56.4279	15	0	0
0.835929	DL	83	5	0	1	12	1	0	1	836	0	2	0	56.4279	15	0	0
0.836929	DL	83	6	0	1	12	1	0	1	836	0	2	0	56.4279	15	0	0
0.837929	DL	83	7	0	1	12	1	0	1	836	0	2	0	56.4279	15	0	0
0.838929	DL	83	8	0	1	12	1	0	1	836	0	2	0	56.4279	15	0	0
0.839929	DL	83	9	0	1	12	1	0	1	836	0	2	0	56.4279	15	0	0
0.840929	DL	84	0	0	1	12	1	0	1	836	0	2	0	56.4279	15	0	0
0.841929	DL	84	1	0	1	12	1	0	1	836	0	2	0	56.4279	15	0	0
0.842929	DL	84	2	0	1	12	1	0	1	836	0	2	0	56.4279	15	0	0
0.843929	DL	84	3	0	1	12	1	0	1	836	0	2	0	56.4279	15	0	0
0.844929	DL	84	4	0	1	12	1	0	1	836	0	2	0	56.4279	15	0	0
0.845929	DL	84	5	0	1	12	1	0	1	836	0	2	0	56.4279	15	0	0
0.846929	DL	84	6	0	1	12	1	0	1	836	0	2	0	56.4279	15	0	0
0.847929	DL	84	7	0	1	12	1	0	1	836	0	2	0	56.4279	15	0	0
0.848929	DL	84	8	0	1	12	1	0	1	836	0	2	0	56.4279	15	0	0
0.849929	DL	84	9	0	1	12	1	0	1	836	0	2	0	56.4279	15	0	0
0.850929	DL	85	0	0	1	12	1	0	1	836	0	2	0	56.4279	15	0	0
0.851929	DL	85	1	0	1	12	1	0	1	836	0	2	0	56.4279	15	0	0
0.852929	DL	85	2	0	1	12	1	0	1	836	0	2	0	56.4279	15	0	0
0.853929	DL	85	3	0	1	12	1	0	1	836	0	2	0	56.4279	15	0	0
0.854929	DL	85	4	0	1	12	1	0	1	836	0	2	0	56.4279	15	0	0
0.855929	DL	85	5	0	1	12	1	0	1	836	0	2	0	56.4279	15	0	0
0.856929	DL	85	6	0	1	12	1	0	1	836	0	2	0	56.4279	15	0	0
0.857929	DL	85	7	0	1	12	1	0	1	836	0	2	0	56.4279	15	0	0
0.858857	DL	85	8	0	1	11	1	0	1	766	0	2	0	56.4279	15	0	0
0.859929	DL	85	9	0	1	12	1	0	1	836	0	2	0	56.4279	15	0	0
0.860929	DL	86	0	0	1	12	1	0	1	836	0	2	0	56.4279	15	0	0
0.861929	DL	86	1	0	1	12	1	0	1	836	0	2	0	56.4279	15	0	0
0.862929	DL	86	2	0	1	12	1	0	1	836	0	2	0	56.4279	15	0	0
0.863929	DL	86	3	0	1	12	1	0	1	836	0	2	0	56.4279	15	0	0
0.864929	DL	86	4	0	1	12	1	0	1	836	0	2	0	56.4279	15	0	0
0.865929	DL	86	5	0	1	12	1	0	1	836	0	2	0	56.4279	15	0	0
0.866929	DL	86	6	0	1	12	1	0	1	836	0	2	0	56.4279	15	0	0
0.867929	DL	86	7	0	1	12	1	0	1	836	0	2	0	56.4279	15	0	0
0.868929	DL	86	8	0	1	12	1	0	1	836	0	2	0	56.4279	15	0	0
0.869929	DL	86	9	0	1	12	1	0	1	836	0	2	0	56.4279	15	0	0
0.870929	DL	87	0	0	1	12	1	0	1	836	0	2	0	56.4279	15	0	0
0.871929	DL	87	1	0	1	12	1	0	1	836	0	2	0	56.4279	15	0	0
0.872929	DL	87	2	0	1	12	1	0	1	836	0	2	0	56.4279	15	0	0
0.873929	DL	87	3	0	1	12	1	0	1	836	0	2	0	56.4279	15	0	0
0.874929	DL	87	4	0	1	12	1	0	1	836	0	2	0	56.4279	15	0	0
0.875929	DL	87	5	0	1	12	1	0	1	836	0	2	0	56.4279	15	0	0
0.876929	DL	87	6	0	1	12	1	0	1	836	0	2	0	56.4279	15	0	0
0.877929	DL	87	7	0	1	12	1	0	1	836	0	2	0	56.4279	15	0	0
0.878929	DL	87	8	0	1	12	1	0	1	836	0	2	0	56.4279	15	0	0
0.879929	DL	87	9	0	1	12	1	0	1	836	0	2	0	56.4279	15	0	0
0.880929	DL	88	0	0	1	12	1	0	1	836	0	2	0	56.4279	15	0	0
0.881929	DL	88	1	0	1	12	1	0	1	836	0	2	0	56.4279	15	0	0
0.882929	DL	88	2	0	1	12	1	0	1	836	0	2	0	56.4279	15	0	0
0.883929	DL	88	3	0	1	12	1	0	1	836	0	2	0	56.4279	15	0	0
0.884929	DL	88	4	0	1	12	1	0	1	836	0	2	0	56.4279	15	0	0
0.885929	DL	88	5	0	1	12	1	0	1	836	0	2	0	56.4279	15	0	0
0.886929	DL	88	6	0	1	12	1	0	1	836	0	2	0	56.4279	15	0	0
0.887929	DL	88	7	0	1	12	1	0	1	836	0	2	0	56.4279	15	0	0
0.888929	DL	88	8	0	1	12	1	0	1	836	0	2	0	56.4279	15	0	0
0.889929	DL	88	9	0	1	12	1	0	1	836	0	2	0	56.4279	15	0	0
0.890929	DL	89	0	0	1	12	1	0	1	836	0	2	0	56.4279	15	0	0
0.891929	DL	89	1	0	1	12	1	0	1	836	0	2	0	56.4279	15	0	0
0.892929	DL	89	2	0	1	12	1	0	1	836	0	2	0	56.4279	15	0	0
0.893929	DL	89	3	0	1	12	1	0	1	836	0	2	0	56.4279	15	0	0
0.894929	DL	89	4	0	1	12	1	0	1	836	0	2	0	56.4279	15	0	0
0.895929	DL	89	5	0	1	12	1	0	1	836	0	2	0	56.4279	15	0	0
0.896929	DL	89	6	0	1	12	1	0	1	836	0	2	0	56.4279	15	0	0
0.897929	DL	89	7	0	1	12	1	0	1	836	0	2	0	56.4279	15	0	0
0.898929	DL	89	8	0	1	12	1	0	1	836	0	2	0	56.4279	15	0	0
0.899929	DL	89	9	0	1	12	1	0	1	836	0	2	0	56.4279	15	0	0
0.900929	DL	90	0	0	1	12	1	0	1	836	0	2	0	56.4279	15	0	0
0.901929	DL	90	1	0	1	12	1	0	1	836	0	2	0	56.4279	15	0	0
0.902929	DL	90	2	0	1	12	1	0	1	836	0	2	0	56.4279	15	0	0
0.903929	DL	90	3	0	1	12	1	0	1	836	0	2	0	56.4279	15	0	0
0.904929	DL	90	4	0	1	12	1	0	1	836	0	2	0	56.4279	15	0	0
0.905929	DL	90	5	0	1	12	1	0	1	836	0	2	0	56.4279	15	0	0
0.906929	DL	90	6	0	1	12	1	0	1	836	0	2	0	56.4279	15	0	0
0.907929	DL	90	7	0	1	12	1	0	1	836	0	2	0	56.4279	15	0	0
0.908929	DL	90	8	0	1	12	1	0	1	836	0	2	0	56.4279	15	0	0
0.909929	DL	90	9	0	1	12	1	0	1	836	0	2	0	56.4279	15	0	0
0.910929	DL	91	0	0	1	12	1	0	1	836	0	2	0	56.4279	15	0	0
0.911929	DL	91	1	0	1	12	1	0	1	836	0	2	0	56.4279	15	0	0
0.912929	DL	91	2	0	1	12	1	0	1	836	0	2	0	56.4279	15	0	0
0.913929	DL	91	3	0	1	12	1	0	1	836	0	2	0	56.4279	15	0	0
0.914929	DL	91	4	0	1	12	1	0	1	836	0	2	0	56.4279	15	0	0
0.915929	DL	91	5	0	1	12	1	0	1	836	0	2	0	56.4279	15	0	0
0.916929	DL	91	6	0	1	12	1	0	1	836	0	2	0	56.4279	15	0	0
0.917929	DL	91	7	0	1	12	1	0	1	836	0	2	0	40.55	15	0	0
0.918929	DL	91	8	0	1	12	1	0	1	836	0	2	0	40.55	15	0	0
0.919929	DL	91	9	0	1	12	1	0	1	836	0	2	0	40.55	15	0	0
0.920929	DL	92	0	0	1	12	1	0	1	836	0	2	0	40.55	15	0	0
0.921929	DL	92	1	0	1	12	1	0	1	836	0	2	0	40.55	15	0	0
0.922929	DL	92	2	0	1	12	1	0	1	836	0	2	0	40.55	15	0	0
0.923929	DL	92	3	0	1	12	1	0	1	836	0	2	0	40.55	15	0	0
0.924929	DL	92	4	0	1	12	1	0	1	836	0	2	0	40.55	15	0	0
0.925929	DL	92	5	0	1	12	1	0	1	836	0	2	0	40.55	15	0	0
0.926929	DL	92	6	0	1	12	1	0	1	836	0	2	0	40.55	15	0	0
0.927929	DL	92	7	0	1	12	1	0	1	836	0	2	0	40.55	15	0	0
0.928929	DL	92	8	0	1	12	1	0	1	836	0	2	0	40.55	15	0	0
0.929929	DL	92	9	0	1	12	1	0	1	836	0	2	0	40.55	15	0	0
0.930929	DL	93	0	0	1	12	1	0	1	836	0	2	0	40.55	15	0	0
0.931929	DL	93	1	0	1	12	1	0	1	836	0	2	0	40.55	15	0	0
0.932929	DL	93	2	0	1	12	1	0	1	836	0	2	0	40.55	15	0	0
0.933929	DL	93	3	0	1	12	1	0	1	836	0	2	0	40.55	15	0	0
0.934929	DL	93	4	0	1	12	1	0	1	836	0	2	0	40.55	15	0	0
0.935929	DL	93	5	0	1	12	1	0	1	836	0	2	0	40.55	15	0	0
0.936929	DL	93	6	0	1	12	1	0	1	836	0	2	0	40.55	15	0	0
0.937929	DL	93	7	0	1	12	1	0	1	836	0	2	0	40.55	15	0	0
0.938857	DL	93	8	0	1	11	1	0	1	766	0	2	0	40.55	15	0	0
0.939929	DL	93	9	0	1	12	1	0	1	836	0	2	0	40.55	15	0	0
0.940929	DL	94	0	0	1	12	1	0	1	836	0	2	0	40.55	15	0	0
0.941929	DL	94	1	0	1	12	1	0	1	836	0	2	0	40.55	15	0	0
0.942929	DL	94	2	0	1	12	1	0	1	836	0	2	0	40.55	15	0	0
0.943929	DL	94	3	0	1	12	1	0	1	836	0	2	0	40.55	15	0	0
0.944929	DL	94	4	0	1	12	1	0	1	836	0	2	0	40.55	15	0	0
0.945929	DL	94	5	0	1	12	1	0	1	836	0	2	0	40.55	15	0	0
0.946929	DL	94	6	0	1	12	1	0	1	836	0	2	0	40.55	15	0	0
0.947929	DL	94	7	0	1	12	1	0	1	836	0	2	0	40.55	15	0	0
0.948929	DL	94	8	0	1	12	1	0	1	836	0	2	0	40.55	15	0	0
0.949929	DL	94	9	0	1	12	1	0	1	836	0	2	0	40.55	15	0	0
0.950929	DL	95	0	0	1	12	1	0	1	836	0	2	0	40.55	15	0	0
0.951929	DL	95	1	0	1	12	1	0	1	836	0	2	0	40.55	15	0	0
0.952929	DL	95	2	0	1	12	1	0	1	836	0	2	0	40.55	15	0	0
0.953929	DL	95	3	0	1	12	1	0	1	836	0	2	0	40.55	15	0	0
0.954929	DL	95	4	0	1	12	1	0	1	836	0	2	0	40.55	15	0	0
0.955929	DL	95	5	0	1	12	1	0	1	836	0	2	0	40.55	15	0	0
0.956929	DL	95	6	0	1	12	1	0	1	836	0	2	0	40.55	15	0	0
0.957929	DL	95	7	0	1	12	1	0	1	836	0	2	0	40.55	15	0	0
0.958929	DL	95	8	0	1	12	1	0	1	836	0	2	0	40.55	15	0	0
0.959929	DL	95	9	0	1	12	1	0	1	836	0	2	0	40.55	15	0	0
0.960929	DL	96	0	0	1	12	1	0	1	836	0	2	0	40.55	15	0	0
0.961929	DL	96	1	0	1	12	1	0	1	836	0	2	0	40.55	15	0	0
0.962929	DL	96	2	0	1	12	1	0	1	836	0	2	0	40.55	15	0	0
0.963929	DL	96	3	0	1	12	1	0	1	836	0	2	0	40.55	15	0	0
0.964929	DL	96	4	0	1	12	1	0	1	836	0	2	0	40.55	15	0	0
0.965929	DL	96	5	0	1	12	1	0	1	836	0	2	0	40.55	15	0	0
0.966929	DL	96	6	0	1	12	1	0	1	836	0	2	0	40.55	15	0	0
0.967929	DL	96	7	0	1	12	1	0	1	836	0	2	0	40.55	15	0	0
0.968929	DL	96	8	0	1	12	1	0	1	836	0	2	0	40.55	15	0	0
0.969929	DL	96	9	0	1	12	1	0	1	836	0	2	0	40.55	15	0	0
0.970929	DL	97	0	0	1	12	1	0	1	836	0	2	0	40.55	15	0	0
0.971929	DL	97	1	0	1	12	1	0	1	836	0	2	0	40.55	15	0	0
0.972929	DL	97	2	0	1	12	1	0	1	836	0	2	0	40.55	15	0	0
0.973929	DL	97	3	0	1	12	1	0	1	836	0	2	0	40.55	15	0	0
0.974929	DL	97	4	0	1	12	1	0	1	836	0	2	0	40.55	15	0	0
0.975929	DL	97	5	0	1	12	1	0	1	836	0	2	0	40.55	15	0	0
0.976929	DL	97	6	0	1	12	1	0	1	836	0	2	0	40.55	15	0	0
0.977929	DL	97	7	0	1	12	1	0	1	836	0	2	0	40.55	15	0	0
0.978929	DL	97	8	0	1	12	1	0	1	836	0	2	0	40.55	15	0	0
0.979929	DL	97	9	0	1	12	1	0	1	836	0	2	0	40.55	15	0	0
0.980929	DL	98	0	0	1	12	1	0	1	836	0	2	0	40.55	15	0	0
0.981929	DL	98	1	0	1	12	1	0	1	836	0	2	0	40.55	15	0	0
0.982929	DL	98	2	0	1	12	1	0	1	836	0	2	0	40.55	15	0	0
0.983929	DL	98	3	0	1	12	1	0	1	836	0	2	0	40.55	15	0	0
0.984929	DL	98	4	0	1	12	1	0	1	836	0	2	0	40.55	15	0	0
0.985929	DL	98	5	0	1	12	1	0	1	836	0	2	0	40.55	15	0	0
0.986929	DL	98	6	0	1	12	1	0	1	836	0	2	0	40.55	15	0	0
0.987929	DL	98	7	0	1	12	1	0	1	836	0	2	0	40.55	15	0	0
0.988929	DL	98	8	0	1	12	1	0	1	836	0	2	0	40.55	15	0	0
0.989929	DL	98	9	0	1	12	1	0	1	836	0	2	0	40.55	15	0	0
0.990929	DL	99	0	0	1	12	1	0	1	836	0	2	0	40.55	15	0	0
0.991929	DL	99	1	0	1	12	1	0	1	836	0	2	0	40.55	15	0	0
0.992929	DL	99	2	0	1	12	1	0	1	836	0	2	0	40.55	15	0	0
0.993929	DL	99	3	0	1	12	1	0	1	836	0	2	0	40.55	15	0	0
0.994929	DL	99	4	0	1	12	1	0	1	836	0	2	0	40.55	15	0	0
0.995929	DL	99	5	0	1	12	1	0	1	836	0	2	0	40.55	15	0	0
0.996929	DL	99	6	0	1	12	1	0	1	836	0	2	0	40.55	15	0	0
0.997929	DL	99	7	0	1	12	1	0	1	836	0	2	0	40.55	15	0	0
0.998929	DL	99	8	0	1	12	1	0	1	836	0	2	0	40.55	15	0	0
0.999929	DL	99	9	0	1	12	1	0	1	836	0	2	0	40.55	15	0	0
